[|A0000000858000023810180|28012015|140000|400|]
[|A0000000858000026528434|28012015|140000|400|]
[|A0000000858000007486715|28012015|140000|400|]
[|A0000000858000021307771|28012015|140000|401|]
[|A0000000858000023813321|28012015|140000|401|]
[|A0000000858000024666535|28012015|140000|401|]
[|A0000000858000023419440|28012015|140000|401|]
[|A0000000858000013593272|28012015|140000|401|]
[|A0000000858000024249175|28012015|140000|402|]
[|A0000000858000023665367|28012015|140000|403|]
[|A0000000858000021320258|28012015|140000|403|]
[|A0000000858000024666532|28012015|140000|403|]
[|A0000000858000023813282|28012015|140000|403|]
[|A0000000858000021274419|28012015|140000|403|]
[|A0000000858000023813246|28012015|140000|404|]
[|A0000000858000021257470|28012015|140000|404|]
[|A0000000858000022038488|28012015|140000|405|]
[|A0000000858000023810174|28012015|140000|405|]
[|A0000000858000023810188|28012015|140000|405|]
[|A0000000858000020899622|28012015|140000|405|]
[|A0000000858000023370626|28012015|140000|405|]
[|A0000000858000024332923|28012015|140000|406|]
[|A0000000858000024666530|28012015|140000|407|]
[|A0000000858000021307763|28012015|140000|407|]
[|A0000000858000023813344|28012015|140000|408|]
[|A0000000858000023813383|28012015|140000|408|]
[|A0000000858000023810155|28012015|140000|408|]
[|A0000000858000023810135|28012015|140000|408|]
[|A0000000858000023810103|28012015|140000|408|]
[|A0000000858000023734750|28012015|140000|408|]
[|A0000000858000023171183|28012015|140000|408|]
[|A0000000858000022205930|28012015|140000|408|]
[|A0000000858000022871930|28012015|140000|409|]
[|A0000000858000023813236|28012015|140000|410|]
[|A0000000858000023665352|28012015|140000|410|]
[|A0000000858000016272591|28012015|140000|410|]
[|A0000000858000024793292|28012015|140000|410|]
[|A0000000858000020419699|28012015|140000|411|]
[|A0000000858000023784442|28012015|140000|411|]
[|A0000000858000026530621|28012015|140000|411|]
[|A0000000858000029547582|28012015|140000|412|]
[|A0000000858000021307789|28012015|140000|412|]
[|A0000000858000021257476|28012015|140000|412|]
[|A0000000858000021307778|28012015|140000|412|]
[|A0000000858000023307241|28012015|140000|412|]
[|A0000000858000023813303|28012015|140000|413|]
[|A0000000858000023813219|28012015|140000|413|]
[|A0000000858000024341152|28012015|140000|413|]
[|A0000000858000023734736|28012015|140000|414|]
[|A0000000858000022921869|28012015|140000|414|]
[|A0000000858000022765262|28012015|140000|414|]
[|A0000000858000022038486|28012015|140000|416|]
[|A0000000858000021567790|28012015|140000|416|]
[|A0000000858000023813205|28012015|140000|417|]
[|A0000000858000019982470|28012015|140000|417|]
[|A0000000858000016272580|28012015|140000|417|]
[|A0000000858000020261890|28012015|140000|417|]
[|A0000000858000021749722|28012015|140000|417|]
[|A0000000858000023307224|28012015|140000|418|]
[|A0000000858000023419451|28012015|140000|419|]
[|A0000000858000023810042|28012015|140000|420|]
[|A0000000858000023813336|28012015|140000|420|]
[|A0000000858000022038503|28012015|140000|420|]
[|A0000000858000025323611|28012015|140000|421|]
[|A0000000858000023171167|28012015|140000|421|]
[|A0000000858000021307777|28012015|140000|422|]
[|A0000000858000025322742|28012015|140000|422|]
[|A0000000858000024569415|28012015|140000|422|]
[|A0000000858000023734426|28012015|140000|424|]
[|A0000000858000021963989|28012015|140000|424|]
[|A0000000858000023307263|28012015|140000|424|]
[|A0000000858000022038482|28012015|140000|425|]
[|A0000000858000010261410|28012015|140000|425|]
[|A0000000858000021795624|28012015|140000|426|]
[|A0000000858000027153394|28012015|140000|426|]
[|A0000000858000023171178|28012015|140000|426|]
[|A0000000858000021320316|28012015|140000|426|]
[|A0000000858000023307276|28012015|140000|427|]
[|A0000000858000005158654|28012015|140000|429|]
[|A0000000858000020434899|28012015|140000|431|]
[|A0000000858000019752750|28012015|140000|432|]
[|A0000000858000021274449|28012015|140000|433|]
[|A0000000858000007486714|28012015|140000|433|]
[|A0000000858000021274474|28012015|140000|434|]
[|A0000000858000027194872|28012015|140000|436|]
[|A0000000858000023784514|28012015|140000|436|]
[|A0000000858000023307315|28012015|140000|436|]
[|A0000000858000021274433|28012015|140000|437|]
[|A0000000858000023171187|28012015|140000|437|]
[|A0000000858000023307230|28012015|140000|438|]
[|A0000000858000022637837|28012015|140000|440|]
[|A0000000858000023171185|28012015|140000|443|]
[|A0000000858000021795687|28012015|140000|444|]
[|A0000000858000016272590|28012015|140000|448|]
[|A0000000858000021795796|28012015|140000|451|]
[|A0000000858000023370643|28012015|140000|451|]
[|A0000000858000023734730|28012015|140000|451|]
[|A0000000858000021718964|28012015|140000|452|]
[|A0000000858000021274403|28012015|140000|452|]
[|A0000000858000023784499|28012015|140000|452|]
[|A0000000858000023171184|28012015|140000|453|]
[|A0000000858000021274406|28012015|140000|455|]
[|A0000000858000021131216|28012015|140000|455|]
[|A0000000858000023734550|28012015|140000|460|]
[|A0000000858000023402662|28012015|140000|461|]
[|A0000000858000021714500|28012015|140000|462|]
[|A0000000858000021795599|28012015|140000|469|]
[|A0000000858000021292961|28012015|140000|469|]
[|A0000000858000023370661|28012015|140000|469|]
[|A0000000858000021795746|28012015|140000|472|]
[|A0000000858000021964070|28012015|140000|478|]
[|A0000000858000023370673|28012015|140000|480|]
[|A0000000858000020434898|28012015|140000|490|]
[|A0000000858000021795593|28012015|140000|502|]
[|A0000000858000016272589|28012015|140000|532|]
[|A0000000858000021795689|28012015|140000|536|]
[|A0000000858000020434894|28012015|140000|540|]
[|A0000000858000013442234|28012015|140000|678|]