[|A0000000858000029379197|28012015|140000|55|]
[|A0000000858000028559811|28012015|140000|65|]
[|A0000000858000029504479|28012015|140000|72|]
[|A0000000858000031216857|28012015|140000|73|]
[|A0000000858000029935807|28012015|140000|75|]
[|A0000000858000029369963|28012015|140000|76|]
[|A0000000858000030919019|28012015|140000|76|]
[|A0000000858000032177745|28012015|140000|77|]
[|A0000000858000031216860|28012015|140000|78|]
[|A0000000858000031216869|28012015|140000|82|]
[|A0000000858000029785154|28012015|140000|82|]
[|A0000000858000031216866|28012015|140000|82|]
[|A0000000858000028579143|28012015|140000|83|]
[|A0000000858000029403542|28012015|140000|84|]
[|A0000000858000030066590|28012015|140000|85|]
[|A0000000858000029502967|28012015|140000|85|]
[|A0000000858000032177744|28012015|140000|86|]
[|A0000000858000032177705|28012015|140000|86|]
[|A0000000858000028771457|28012015|140000|86|]
[|A0000000858000032177732|28012015|140000|86|]
[|A0000000858000030736488|28012015|140000|86|]
[|A0000000858000030736485|28012015|140000|88|]
[|A0000000858000029504484|28012015|140000|88|]
[|A0000000858000031687439|28012015|140000|89|]
[|A0000000858000029464646|28012015|140000|90|]
[|A0000000858000031216983|28012015|140000|92|]
[|A0000000858000029300760|28012015|140000|92|]
[|A0000000858000026831552|28012015|140000|92|]
[|A0000000858000029502961|28012015|140000|92|]
[|A0000000858000032519150|28012015|140000|92|]
[|A0000000858000029935809|28012015|140000|93|]
[|A0000000858000032435711|28012015|140000|94|]
[|A0000000858000032177611|28012015|140000|94|]
[|A0000000858000030143870|28012015|140000|95|]
[|A0000000858000024713264|28012015|140000|95|]
[|A0000000858000030736489|28012015|140000|95|]
[|A0000000858000027015992|28012015|140000|95|]
[|A0000000858000029502962|28012015|140000|96|]
[|A0000000858000028559810|28012015|140000|96|]
[|A0000000858000029392049|28012015|140000|97|]
[|A0000000858000030919015|28012015|140000|97|]
[|A0000000858000027262929|28012015|140000|97|]
[|A0000000858000031350164|28012015|140000|97|]
[|A0000000858000032177610|28012015|140000|97|]
[|A0000000858000032177709|28012015|140000|98|]
[|A0000000858000027774721|28012015|140000|98|]
[|A0000000858000031216852|28012015|140000|99|]
[|A0000000858000032177632|28012015|140000|99|]
[|A0000000858000028221578|28012015|140000|99|]
[|A0000000858000029379194|28012015|140000|99|]
[|A0000000858000031743924|28012015|140000|100|]
[|A0000000858000032177736|28012015|140000|100|]
[|A0000000858000030066580|28012015|140000|100|]
[|A0000000858000029379190|28012015|140000|101|]
[|A0000000858000030736482|28012015|140000|102|]
[|A0000000858000032435712|28012015|140000|102|]
[|A0000000858000027718380|28012015|140000|102|]
[|A0000000858000031687402|28012015|140000|102|]
[|A0000000858000032435710|28012015|140000|102|]
[|A0000000858000028579125|28012015|140000|103|]
[|A0000000858000029502966|28012015|140000|103|]
[|A0000000858000029152364|28012015|140000|103|]
[|A0000000858000030143895|28012015|140000|104|]
[|A0000000858000027015991|28012015|140000|104|]
[|A0000000858000030143888|28012015|140000|105|]
[|A0000000858000029782744|28012015|140000|105|]
[|A0000000858000031687418|28012015|140000|105|]
[|A0000000858000030066589|28012015|140000|105|]
[|A0000000858000031687400|28012015|140000|105|]
[|A0000000858000028559802|28012015|140000|105|]
[|A0000000858000026731258|28012015|140000|106|]
[|A0000000858000030030959|28012015|140000|106|]
[|A0000000858000031574170|28012015|140000|106|]
[|A0000000858000032177746|28012015|140000|106|]
[|A0000000858000030066584|28012015|140000|106|]
[|A0000000858000028579199|28012015|140000|106|]
[|A0000000858000032177602|28012015|140000|107|]
[|A0000000858000031216859|28012015|140000|108|]
[|A0000000858000028771465|28012015|140000|109|]
[|A0000000858000029782742|28012015|140000|109|]
[|A0000000858000024428646|28012015|140000|109|]
[|A0000000858000030066583|28012015|140000|111|]
[|A0000000858000029782740|28012015|140000|111|]
[|A0000000858000028321529|28012015|140000|112|]
[|A0000000858000030066593|28012015|140000|112|]
[|A0000000858000029620337|28012015|140000|112|]
[|A0000000858000031574176|28012015|140000|113|]
[|A0000000858000031216937|28012015|140000|113|]
[|A0000000858000024428649|28012015|140000|113|]
[|A0000000858000029379193|28012015|140000|113|]
[|A0000000858000029782750|28012015|140000|114|]
[|A0000000858000028321538|28012015|140000|114|]
[|A0000000858000030143876|28012015|140000|114|]
[|A0000000858000031216858|28012015|140000|114|]
[|A0000000858000031216901|28012015|140000|114|]
[|A0000000858000027718381|28012015|140000|115|]
[|A0000000858000027343561|28012015|140000|116|]
[|A0000000858000028321530|28012015|140000|116|]
[|A0000000858000030066573|28012015|140000|116|]
[|A0000000858000027015997|28012015|140000|116|]
[|A0000000858000031216861|28012015|140000|116|]
[|A0000000858000028321528|28012015|140000|117|]
[|A0000000858000032177714|28012015|140000|117|]
[|A0000000858000030708281|28012015|140000|118|]
[|A0000000858000029379198|28012015|140000|118|]
[|A0000000858000031216867|28012015|140000|118|]
[|A0000000858000030143866|28012015|140000|119|]
[|A0000000858000031216855|28012015|140000|119|]
[|A0000000858000032177743|28012015|140000|119|]
[|A0000000858000032177718|28012015|140000|119|]
[|A0000000858000031216851|28012015|140000|119|]
[|A0000000858000030919013|28012015|140000|119|]
[|A0000000858000029785152|28012015|140000|120|]
[|A0000000858000030030942|28012015|140000|120|]
[|A0000000858000028771468|28012015|140000|120|]
[|A0000000858000030847146|28012015|140000|120|]
[|A0000000858000031216856|28012015|140000|120|]
[|A0000000858000031208230|28012015|140000|120|]
[|A0000000858000030447458|28012015|140000|120|]
[|A0000000858000027015993|28012015|140000|121|]
[|A0000000858000029785146|28012015|140000|121|]
[|A0000000858000032177751|28012015|140000|121|]
[|A0000000858000027458293|28012015|140000|122|]
[|A0000000858000032177704|28012015|140000|122|]
[|A0000000858000028321532|28012015|140000|122|]
[|A0000000858000030122355|28012015|140000|123|]
[|A0000000858000030414302|28012015|140000|123|]
[|A0000000858000031687433|28012015|140000|123|]
[|A0000000858000031687434|28012015|140000|123|]
[|A0000000858000030030929|28012015|140000|123|]
[|A0000000858000028579185|28012015|140000|123|]
[|A0000000858000029403540|28012015|140000|123|]
[|A0000000858000032177725|28012015|140000|123|]
[|A0000000858000029096586|28012015|140000|124|]
[|A0000000858000029782747|28012015|140000|124|]
[|A0000000858000029782751|28012015|140000|125|]
[|A0000000858000029782745|28012015|140000|125|]
[|A0000000858000029935810|28012015|140000|125|]
[|A0000000858000026731256|28012015|140000|125|]
[|A0000000858000028321531|28012015|140000|125|]
[|A0000000858000032177761|28012015|140000|125|]
[|A0000000858000028221564|28012015|140000|125|]
[|A0000000858000030122349|28012015|140000|126|]
[|A0000000858000031483930|28012015|140000|126|]
[|A0000000858000031574168|28012015|140000|126|]
[|A0000000858000029782741|28012015|140000|126|]
[|A0000000858000028321525|28012015|140000|126|]
[|A0000000858000030122358|28012015|140000|127|]
[|A0000000858000029547584|28012015|140000|127|]
[|A0000000858000030122348|28012015|140000|127|]
[|A0000000858000031216900|28012015|140000|127|]
[|A0000000858000029504482|28012015|140000|127|]
[|A0000000858000028771429|28012015|140000|127|]
[|A0000000858000029782746|28012015|140000|127|]
[|A0000000858000030122357|28012015|140000|128|]
[|A0000000858000029785124|28012015|140000|128|]
[|A0000000858000030122344|28012015|140000|128|]
[|A0000000858000031216950|28012015|140000|128|]
[|A0000000858000030143883|28012015|140000|128|]
[|A0000000858000028321529|28012015|140000|128|]
[|A0000000858000029259820|28012015|140000|129|]
[|A0000000858000028579159|28012015|140000|129|]
[|A0000000858000030122359|28012015|140000|129|]
[|A0000000858000030414306|28012015|140000|129|]
[|A0000000858000030143890|28012015|140000|129|]