[|A0000000858000030122343|28012015|140000|130|]
[|A0000000858000031350160|28012015|140000|130|]
[|A0000000858000030122353|28012015|140000|130|]
[|A0000000858000029504498|28012015|140000|130|]
[|A0000000858000031687410|28012015|140000|130|]
[|A0000000858000029502983|28012015|140000|130|]
[|A0000000858000031483929|28012015|140000|131|]
[|A0000000858000031483932|28012015|140000|131|]
[|A0000000858000026731259|28012015|140000|131|]
[|A0000000858000027133687|28012015|140000|131|]
[|A0000000858000032177710|28012015|140000|131|]
[|A0000000858000029785141|28012015|140000|132|]
[|A0000000858000029785156|28012015|140000|132|]
[|A0000000858000029935811|28012015|140000|132|]
[|A0000000858000029379192|28012015|140000|132|]
[|A0000000858000030122356|28012015|140000|132|]
[|A0000000858000030143889|28012015|140000|132|]
[|A0000000858000029785151|28012015|140000|133|]
[|A0000000858000031216863|28012015|140000|133|]
[|A0000000858000025758806|28012015|140000|133|]
[|A0000000858000030414301|28012015|140000|133|]
[|A0000000858000031216853|28012015|140000|133|]
[|A0000000858000029782748|28012015|140000|133|]
[|A0000000858000030122351|28012015|140000|133|]
[|A0000000858000029096581|28012015|140000|133|]
[|A0000000858000027137533|28012015|140000|134|]
[|A0000000858000031483933|28012015|140000|135|]
[|A0000000858000031687426|28012015|140000|135|]
[|A0000000858000030736487|28012015|140000|135|]
[|A0000000858000029152365|28012015|140000|136|]
[|A0000000858000029785155|28012015|140000|136|]
[|A0000000858000027192064|28012015|140000|136|]
[|A0000000858000031731804|28012015|140000|137|]
[|A0000000858000029782749|28012015|140000|137|]
[|A0000000858000029785180|28012015|140000|137|]
[|A0000000858000029785147|28012015|140000|137|]
[|A0000000858000031216813|28012015|140000|137|]
[|A0000000858000030122350|28012015|140000|138|]
[|A0000000858000031350162|28012015|140000|138|]
[|A0000000858000027760046|28012015|140000|138|]
[|A0000000858000029785186|28012015|140000|139|]
[|A0000000858000029273741|28012015|140000|139|]
[|A0000000858000029785182|28012015|140000|139|]
[|A0000000858000029782753|28012015|140000|139|]
[|A0000000858000030708280|28012015|140000|140|]
[|A0000000858000031731800|28012015|140000|140|]
[|A0000000858000029782743|28012015|140000|140|]
[|A0000000858000029785188|28012015|140000|141|]
[|A0000000858000030546715|28012015|140000|141|]
[|A0000000858000029785185|28012015|140000|141|]
[|A0000000858000031731803|28012015|140000|141|]
[|A0000000858000030975209|28012015|140000|141|]
[|A0000000858000030888090|28012015|140000|141|]
[|A0000000858000030414303|28012015|140000|142|]
[|A0000000858000029785190|28012015|140000|142|]
[|A0000000858000031483931|28012015|140000|142|]
[|A0000000858000024296856|28012015|140000|143|]
[|A0000000858000026731252|28012015|140000|143|]
[|A0000000858000030414305|28012015|140000|144|]
[|A0000000858000027135788|28012015|140000|145|]
[|A0000000858000029785196|28012015|140000|145|]
[|A0000000858000029372642|28012015|140000|145|]
[|A0000000858000030970521|28012015|140000|145|]
[|A0000000858000028264649|28012015|140000|146|]
[|A0000000858000028985633|28012015|140000|146|]
[|A0000000858000029785191|28012015|140000|146|]
[|A0000000858000025904343|28012015|140000|146|]
[|A0000000858000027208711|28012015|140000|146|]
[|A0000000858000029785181|28012015|140000|147|]
[|A0000000858000028264789|28012015|140000|147|]
[|A0000000858000029785183|28012015|140000|147|]
[|A0000000858000024484913|28012015|140000|147|]
[|A0000000858000029963216|28012015|140000|148|]
[|A0000000858000028264781|28012015|140000|148|]
[|A0000000858000028264620|28012015|140000|148|]
[|A0000000858000027458299|28012015|140000|148|]
[|A0000000858000027811253|28012015|140000|148|]
[|A0000000858000028264746|28012015|140000|148|]
[|A0000000858000027918015|28012015|140000|148|]
[|A0000000858000028771466|28012015|140000|148|]
[|A0000000858000030122354|28012015|140000|149|]
[|A0000000858000030122352|28012015|140000|149|]
[|A0000000858000030296779|28012015|140000|149|]
[|A0000000858000028264739|28012015|140000|149|]
[|A0000000858000028952052|28012015|140000|149|]
[|A0000000858000029785143|28012015|140000|150|]
[|A0000000858000028264790|28012015|140000|150|]
[|A0000000858000030414308|28012015|140000|150|]
[|A0000000858000025904346|28012015|140000|150|]
[|A0000000858000025288731|28012015|140000|151|]
[|A0000000858000026878274|28012015|140000|151|]
[|A0000000858000029785198|28012015|140000|151|]
[|A0000000858000028210637|28012015|140000|151|]
[|A0000000858000030970536|28012015|140000|152|]
[|A0000000858000027811257|28012015|140000|152|]
[|A0000000858000028155547|28012015|140000|152|]
[|A0000000858000029785157|28012015|140000|152|]
[|A0000000858000028220129|28012015|140000|153|]
[|A0000000858000029094835|28012015|140000|153|]
[|A0000000858000030987330|28012015|140000|153|]
[|A0000000858000031048743|28012015|140000|153|]
[|A0000000858000025904344|28012015|140000|154|]
[|A0000000858000025758832|28012015|140000|154|]
[|A0000000858000030296720|28012015|140000|154|]
[|A0000000858000027706075|28012015|140000|154|]
[|A0000000858000027151547|28012015|140000|155|]
[|A0000000858000028264791|28012015|140000|155|]
[|A0000000858000028264783|28012015|140000|155|]
[|A0000000858000026878233|28012015|140000|155|]
[|A0000000858000027135741|28012015|140000|156|]
[|A0000000858000030987338|28012015|140000|156|]
[|A0000000858000029785194|28012015|140000|157|]
[|A0000000858000028264794|28012015|140000|157|]
[|A0000000858000029785149|28012015|140000|157|]
[|A0000000858000030970529|28012015|140000|157|]
[|A0000000858000029323772|28012015|140000|157|]
[|A0000000858000029259815|28012015|140000|157|]
[|A0000000858000029379196|28012015|140000|157|]
[|A0000000858000030736491|28012015|140000|157|]
[|A0000000858000028220176|28012015|140000|158|]
[|A0000000858000025874069|28012015|140000|158|]
[|A0000000858000029116234|28012015|140000|158|]
[|A0000000858000028264762|28012015|140000|158|]
[|A0000000858000030296731|28012015|140000|158|]
[|A0000000858000027014219|28012015|140000|158|]
[|A0000000858000029094869|28012015|140000|158|]
[|A0000000858000030296756|28012015|140000|159|]
[|A0000000858000028264748|28012015|140000|159|]
[|A0000000858000029308253|28012015|140000|159|]
[|A0000000858000027135751|28012015|140000|160|]
[|A0000000858000027760048|28012015|140000|160|]
[|A0000000858000025874088|28012015|140000|160|]
[|A0000000858000027811178|28012015|140000|160|]
[|A0000000858000030914287|28012015|140000|160|]
[|A0000000858000027183769|28012015|140000|160|]
[|A0000000858000011207077|28012015|140000|161|]
[|A0000000858000028952051|28012015|140000|161|]
[|A0000000858000027355915|28012015|140000|161|]
[|A0000000858000031731801|28012015|140000|161|]
[|A0000000858000029448376|28012015|140000|162|]
[|A0000000858000027135702|28012015|140000|162|]
[|A0000000858000029785197|28012015|140000|162|]
[|A0000000858000030414307|28012015|140000|162|]
[|A0000000858000030970525|28012015|140000|162|]
[|A0000000858000027018191|28012015|140000|162|]
[|A0000000858000027210212|28012015|140000|163|]
[|A0000000858000030296727|28012015|140000|163|]
[|A0000000858000030414300|28012015|140000|163|]
[|A0000000858000028453512|28012015|140000|163|]
[|A0000000858000027355931|28012015|140000|163|]
[|A0000000858000030872150|28012015|140000|163|]
[|A0000000858000029448384|28012015|140000|163|]
[|A0000000858000028264652|28012015|140000|163|]
[|A0000000858000029750040|28012015|140000|163|]
[|A0000000858000028264645|28012015|140000|163|]
[|A0000000858000021171402|28012015|140000|163|]
[|A0000000858000027355929|28012015|140000|164|]
[|A0000000858000029195124|28012015|140000|164|]
[|A0000000858000030872128|28012015|140000|164|]
[|A0000000858000028264725|28012015|140000|164|]
[|A0000000858000028215311|28012015|140000|164|]
[|A0000000858000028397746|28012015|140000|164|]
[|A0000000858000030970523|28012015|140000|164|]
[|A0000000858000025765713|28012015|140000|165|]
[|A0000000858000026878242|28012015|140000|165|]
[|A0000000858000028453502|28012015|140000|165|]
[|A0000000858000030872138|28012015|140000|165|]
[|A0000000858000027918012|28012015|140000|165|]
[|A0000000858000029149844|28012015|140000|165|]
[|A0000000858000027878413|28012015|140000|165|]
[|A0000000858000027128917|28012015|140000|166|]
[|A0000000858000031048425|28012015|140000|166|]
[|A0000000858000027241089|28012015|140000|166|]
[|A0000000858000028215260|28012015|140000|166|]
[|A0000000858000025676917|28012015|140000|166|]
[|A0000000858000031350161|28012015|140000|166|]
[|A0000000858000025874086|28012015|140000|167|]
[|A0000000858000028215302|28012015|140000|167|]
[|A0000000858000025904338|28012015|140000|167|]
[|A0000000858000028967716|28012015|140000|167|]
[|A0000000858000027355938|28012015|140000|168|]
[|A0000000858000021393748|28012015|140000|168|]
[|A0000000858000024953019|28012015|140000|168|]
[|A0000000858000030775243|28012015|140000|168|]
[|A0000000858000027347815|28012015|140000|169|]
[|A0000000858000028236838|28012015|140000|169|]
[|A0000000858000029372641|28012015|140000|169|]
[|A0000000858000029963222|28012015|140000|169|]
[|A0000000858000027241197|28012015|140000|169|]
[|A0000000858000029448381|28012015|140000|169|]
[|A0000000858000025288729|28012015|140000|169|]
[|A0000000858000030970533|28012015|140000|169|]
[|A0000000858000025874067|28012015|140000|170|]
[|A0000000858000027134738|28012015|140000|170|]
[|A0000000858000030888091|28012015|140000|170|]
[|A0000000858000030414304|28012015|140000|170|]
[|A0000000858000029448378|28012015|140000|170|]
[|A0000000858000027018192|28012015|140000|170|]
[|A0000000858000030914293|28012015|140000|170|]
[|A0000000858000026928764|28012015|140000|171|]
[|A0000000858000030872157|28012015|140000|171|]
[|A0000000858000030872129|28012015|140000|171|]
[|A0000000858000030888084|28012015|140000|171|]
[|A0000000858000031048421|28012015|140000|171|]
[|A0000000858000028220163|28012015|140000|172|]
[|A0000000858000028264740|28012015|140000|172|]
[|A0000000858000030296721|28012015|140000|173|]
[|A0000000858000030226874|28012015|140000|173|]
[|A0000000858000027241192|28012015|140000|173|]
[|A0000000858000030872153|28012015|140000|173|]
[|A0000000858000029094864|28012015|140000|173|]
[|A0000000858000030296723|28012015|140000|173|]
[|A0000000858000027918017|28012015|140000|173|]
[|A0000000858000030914236|28012015|140000|173|]
[|A0000000858000030970535|28012015|140000|173|]
[|A0000000858000029094857|28012015|140000|174|]
[|A0000000858000030122342|28012015|140000|174|]
[|A0000000858000030914327|28012015|140000|174|]
[|A0000000858000030970528|28012015|140000|174|]
[|A0000000858000030775273|28012015|140000|175|]
[|A0000000858000030833412|28012015|140000|175|]
[|A0000000858000029372640|28012015|140000|176|]
[|A0000000858000027355922|28012015|140000|176|]
[|A0000000858000030797908|28012015|140000|176|]
[|A0000000858000030970524|28012015|140000|176|]
[|A0000000858000030872152|28012015|140000|177|]
[|A0000000858000029094862|28012015|140000|177|]
[|A0000000858000030872160|28012015|140000|177|]
[|A0000000858000030859067|28012015|140000|177|]
[|A0000000858000027811252|28012015|140000|177|]
[|A0000000858000030975201|28012015|140000|177|]
[|A0000000858000030970527|28012015|140000|177|]
[|A0000000858000030296788|28012015|140000|177|]
[|A0000000858000028952055|28012015|140000|177|]
[|A0000000858000028264755|28012015|140000|178|]
[|A0000000858000024370205|28012015|140000|178|]
[|A0000000858000029116229|28012015|140000|178|]
[|A0000000858000028929221|28012015|140000|179|]
[|A0000000858000026734725|28012015|140000|179|]
[|A0000000858000030296751|28012015|140000|179|]
[|A0000000858000025758807|28012015|140000|179|]
[|A0000000858000029963217|28012015|140000|180|]
[|A0000000858000029963202|28012015|140000|180|]
[|A0000000858000028864367|28012015|140000|180|]
[|A0000000858000026816686|28012015|140000|180|]
[|A0000000858000028886161|28012015|140000|181|]
[|A0000000858000030546712|28012015|140000|181|]
[|A0000000858000029150982|28012015|140000|181|]
[|A0000000858000030872154|28012015|140000|181|]
[|A0000000858000030296744|28012015|140000|181|]
[|A0000000858000028969852|28012015|140000|181|]
[|A0000000858000029273836|28012015|140000|181|]
[|A0000000858000029271424|28012015|140000|182|]
[|A0000000858000026834758|28012015|140000|182|]
[|A0000000858000030122341|28012015|140000|182|]
[|A0000000858000026211134|28012015|140000|182|]
[|A0000000858000027771666|28012015|140000|182|]
[|A0000000858000030970539|28012015|140000|182|]
[|A0000000858000028716060|28012015|140000|183|]
[|A0000000858000030296733|28012015|140000|183|]
[|A0000000858000029149841|28012015|140000|183|]
[|A0000000858000020804633|28012015|140000|183|]
[|A0000000858000030914308|28012015|140000|183|]
[|A0000000858000024860586|28012015|140000|183|]
[|A0000000858000027852559|28012015|140000|183|]
[|A0000000858000028038947|28012015|140000|183|]
[|A0000000858000028038946|28012015|140000|184|]
[|A0000000858000027278695|28012015|140000|184|]
[|A0000000858000030872135|28012015|140000|184|]
[|A0000000858000028864327|28012015|140000|184|]
[|A0000000858000030872144|28012015|140000|184|]
[|A0000000858000026831275|28012015|140000|184|]
[|A0000000858000027147392|28012015|140000|184|]
[|A0000000858000027714159|28012015|140000|184|]
[|A0000000858000030914329|28012015|140000|184|]
[|A0000000858000029126560|28012015|140000|185|]
[|A0000000858000027098899|28012015|140000|185|]
[|A0000000858000028215317|28012015|140000|185|]
[|A0000000858000025904339|28012015|140000|185|]
[|A0000000858000030975214|28012015|140000|185|]
[|A0000000858000027811117|28012015|140000|185|]
[|A0000000858000026731984|28012015|140000|185|]
[|A0000000858000030296739|28012015|140000|185|]
[|A0000000858000031048426|28012015|140000|185|]
[|A0000000858000028969814|28012015|140000|185|]
[|A0000000858000030970531|28012015|140000|185|]
[|A0000000858000024397051|28012015|140000|186|]
[|A0000000858000027105310|28012015|140000|186|]
[|A0000000858000028038942|28012015|140000|186|]
[|A0000000858000030296762|28012015|140000|186|]
[|A0000000858000024793298|28012015|140000|186|]
[|A0000000858000028319244|28012015|140000|186|]
[|A0000000858000027852531|28012015|140000|186|]
[|A0000000858000025522467|28012015|140000|186|]
[|A0000000858000029297842|28012015|140000|186|]
[|A0000000858000025765720|28012015|140000|186|]
[|A0000000858000027016745|28012015|140000|186|]
[|A0000000858000028021869|28012015|140000|187|]
[|A0000000858000031058308|28012015|140000|187|]
[|A0000000858000029963203|28012015|140000|187|]
[|A0000000858000030546711|28012015|140000|187|]
[|A0000000858000029448383|28012015|140000|187|]
[|A0000000858000029963214|28012015|140000|187|]
[|A0000000858000025556321|28012015|140000|187|]
[|A0000000858000029372643|28012015|140000|187|]
[|A0000000858000028864346|28012015|140000|187|]
[|A0000000858000028969887|28012015|140000|187|]
[|A0000000858000028864322|28012015|140000|187|]
[|A0000000858000024862728|28012015|140000|187|]
[|A0000000858000028656900|28012015|140000|187|]
[|A0000000858000028969910|28012015|140000|187|]
[|A0000000858000030872145|28012015|140000|188|]
[|A0000000858000030296791|28012015|140000|188|]
[|A0000000858000029127503|28012015|140000|188|]
[|A0000000858000028864368|28012015|140000|188|]
[|A0000000858000027238494|28012015|140000|188|]
[|A0000000858000027566089|28012015|140000|188|]
[|A0000000858000027852544|28012015|140000|188|]
[|A0000000858000026783300|28012015|140000|188|]
[|A0000000858000028946157|28012015|140000|188|]
[|A0000000858000027811197|28012015|140000|189|]
[|A0000000858000026975585|28012015|140000|189|]
[|A0000000858000030888085|28012015|140000|189|]
[|A0000000858000027355957|28012015|140000|189|]
[|A0000000858000025765707|28012015|140000|189|]
[|A0000000858000029323767|28012015|140000|189|]
[|A0000000858000028585381|28012015|140000|190|]
[|A0000000858000030975202|28012015|140000|190|]
[|A0000000858000027355959|28012015|140000|190|]
[|A0000000858000028585379|28012015|140000|190|]
[|A0000000858000030414309|28012015|140000|190|]
[|A0000000858000027766994|28012015|140000|190|]
[|A0000000858000029259822|28012015|140000|190|]
[|A0000000858000026834757|28012015|140000|191|]
[|A0000000858000028864365|28012015|140000|191|]
[|A0000000858000028864342|28012015|140000|191|]
[|A0000000858000027135724|28012015|140000|191|]
[|A0000000858000029127509|28012015|140000|191|]
[|A0000000858000027878492|28012015|140000|191|]
[|A0000000858000030776585|28012015|140000|191|]
[|A0000000858000027811235|28012015|140000|191|]
[|A0000000858000030914288|28012015|140000|191|]
[|A0000000858000030888096|28012015|140000|192|]
[|A0000000858000027712246|28012015|140000|192|]
[|A0000000858000027134309|28012015|140000|192|]
[|A0000000858000030296753|28012015|140000|192|]
[|A0000000858000029136759|28012015|140000|192|]
[|A0000000858000030775245|28012015|140000|193|]
[|A0000000858000029273834|28012015|140000|193|]
[|A0000000858000029271423|28012015|140000|193|]
[|A0000000858000030797902|28012015|140000|193|]
[|A0000000858000029116223|28012015|140000|193|]
[|A0000000858000030226909|28012015|140000|193|]
[|A0000000858000026211114|28012015|140000|194|]
[|A0000000858000030775242|28012015|140000|194|]
[|A0000000858000030296761|28012015|140000|194|]
[|A0000000858000026926351|28012015|140000|194|]
[|A0000000858000027852558|28012015|140000|194|]
[|A0000000858000030776545|28012015|140000|194|]
[|A0000000858000029308264|28012015|140000|194|]
[|A0000000858000027987453|28012015|140000|195|]
[|A0000000858000026783351|28012015|140000|195|]
[|A0000000858000026975599|28012015|140000|195|]
[|A0000000858000028969828|28012015|140000|195|]
[|A0000000858000025765709|28012015|140000|195|]
[|A0000000858000027241181|28012015|140000|196|]
[|A0000000858000031048786|28012015|140000|196|]
[|A0000000858000027689617|28012015|140000|196|]
[|A0000000858000027811153|28012015|140000|196|]
[|A0000000858000029271425|28012015|140000|196|]
[|A0000000858000030296729|28012015|140000|196|]
[|A0000000858000030888086|28012015|140000|196|]
[|A0000000858000030776595|28012015|140000|196|]
[|A0000000858000029547587|28012015|140000|197|]
[|A0000000858000029080832|28012015|140000|197|]
[|A0000000858000025557765|28012015|140000|197|]
[|A0000000858000027779508|28012015|140000|197|]
[|A0000000858000026783305|28012015|140000|197|]
[|A0000000858000027241091|28012015|140000|197|]
[|A0000000858000027723064|28012015|140000|197|]
[|A0000000858000025874058|28012015|140000|197|]
[|A0000000858000030122340|28012015|140000|197|]
[|A0000000858000024355311|28012015|140000|197|]
[|A0000000858000030833410|28012015|140000|198|]
[|A0000000858000028864328|28012015|140000|198|]
[|A0000000858000027771665|28012015|140000|198|]
[|A0000000858000030296782|28012015|140000|198|]
[|A0000000858000029963207|28012015|140000|198|]
[|A0000000858000030975213|28012015|140000|199|]
[|A0000000858000027844944|28012015|140000|199|]
[|A0000000858000026910784|28012015|140000|199|]
[|A0000000858000028216705|28012015|140000|199|]
[|A0000000858000030775240|28012015|140000|199|]
[|A0000000858000029116227|28012015|140000|199|]
[|A0000000858000027844950|28012015|140000|199|]
[|A0000000858000030296786|28012015|140000|199|]
[|A0000000858000025904347|28012015|140000|199|]