[|A0000000858000027811079|28012015|140000|200|]
[|A0000000858000026956399|28012015|140000|200|]
[|A0000000858000027850623|28012015|140000|200|]
[|A0000000858000030775246|28012015|140000|200|]
[|A0000000858000031058305|28012015|140000|200|]
[|A0000000858000030888087|28012015|140000|200|]
[|A0000000858000028886167|28012015|140000|201|]
[|A0000000858000028473778|28012015|140000|201|]
[|A0000000858000030776572|28012015|140000|201|]
[|A0000000858000028656903|28012015|140000|201|]
[|A0000000858000025322737|28012015|140000|201|]
[|A0000000858000029116226|28012015|140000|202|]
[|A0000000858000026763021|28012015|140000|202|]
[|A0000000858000030975210|28012015|140000|202|]
[|A0000000858000027818009|28012015|140000|202|]
[|A0000000858000027102540|28012015|140000|202|]
[|A0000000858000027238491|28012015|140000|202|]
[|A0000000858000030296730|28012015|140000|202|]
[|A0000000858000027852556|28012015|140000|202|]
[|A0000000858000029963223|28012015|140000|202|]
[|A0000000858000025765690|28012015|140000|202|]
[|A0000000858000030872134|28012015|140000|203|]
[|A0000000858000026912504|28012015|140000|203|]
[|A0000000858000026956398|28012015|140000|203|]
[|A0000000858000027238404|28012015|140000|203|]
[|A0000000858000028453484|28012015|140000|203|]
[|A0000000858000028473777|28012015|140000|203|]
[|A0000000858000030888094|28012015|140000|203|]
[|A0000000858000028969919|28012015|140000|203|]
[|A0000000858000028967717|28012015|140000|204|]
[|A0000000858000029265170|28012015|140000|204|]
[|A0000000858000030888082|28012015|140000|204|]
[|A0000000858000027241096|28012015|140000|204|]
[|A0000000858000028864336|28012015|140000|204|]
[|A0000000858000030546713|28012015|140000|204|]
[|A0000000858000030226936|28012015|140000|204|]
[|A0000000858000028453483|28012015|140000|204|]
[|A0000000858000028585360|28012015|140000|205|]
[|A0000000858000027357085|28012015|140000|205|]
[|A0000000858000027566110|28012015|140000|205|]
[|A0000000858000026575970|28012015|140000|205|]
[|A0000000858000026928797|28012015|140000|205|]
[|A0000000858000028707340|28012015|140000|205|]
[|A0000000858000030872163|28012015|140000|205|]
[|A0000000858000026981966|28012015|140000|205|]
[|A0000000858000024256552|28012015|140000|205|]
[|A0000000858000027705794|28012015|140000|206|]
[|A0000000858000028716067|28012015|140000|206|]
[|A0000000858000030888093|28012015|140000|206|]
[|A0000000858000029094865|28012015|140000|206|]
[|A0000000858000025765717|28012015|140000|206|]
[|A0000000858000027844192|28012015|140000|207|]
[|A0000000858000029418805|28012015|140000|207|]
[|A0000000858000030776596|28012015|140000|207|]
[|A0000000858000030872125|28012015|140000|207|]
[|A0000000858000028453514|28012015|140000|207|]
[|A0000000858000028453494|28012015|140000|207|]
[|A0000000858000025522474|28012015|140000|207|]
[|A0000000858000029309717|28012015|140000|207|]
[|A0000000858000026778029|28012015|140000|207|]
[|A0000000858000029963212|28012015|140000|208|]
[|A0000000858000026783313|28012015|140000|208|]
[|A0000000858000030888080|28012015|140000|208|]
[|A0000000858000028210622|28012015|140000|208|]
[|A0000000858000028319259|28012015|140000|208|]
[|A0000000858000028716065|28012015|140000|208|]
[|A0000000858000028864366|28012015|140000|208|]
[|A0000000858000028453499|28012015|140000|208|]
[|A0000000858000031048797|28012015|140000|208|]
[|A0000000858000028408010|28012015|140000|208|]
[|A0000000858000030872142|28012015|140000|209|]
[|A0000000858000026910785|28012015|140000|209|]
[|A0000000858000028319238|28012015|140000|209|]
[|A0000000858000028585377|28012015|140000|209|]
[|A0000000858000031058306|28012015|140000|209|]
[|A0000000858000027760782|28012015|140000|209|]
[|A0000000858000024793296|28012015|140000|210|]
[|A0000000858000030975211|28012015|140000|210|]
[|A0000000858000027811193|28012015|140000|210|]
[|A0000000858000027844193|28012015|140000|210|]
[|A0000000858000027907334|28012015|140000|210|]
[|A0000000858000029418804|28012015|140000|210|]
[|A0000000858000027183770|28012015|140000|210|]
[|A0000000858000025817819|28012015|140000|210|]
[|A0000000858000025765710|28012015|140000|210|]
[|A0000000858000027844945|28012015|140000|211|]
[|A0000000858000027714158|28012015|140000|211|]
[|A0000000858000030872123|28012015|140000|211|]
[|A0000000858000026831274|28012015|140000|211|]
[|A0000000858000026928749|28012015|140000|211|]
[|A0000000858000027907330|28012015|140000|211|]
[|A0000000858000028864347|28012015|140000|211|]
[|A0000000858000030914213|28012015|140000|211|]
[|A0000000858000029297843|28012015|140000|211|]
[|A0000000858000028319245|28012015|140000|212|]
[|A0000000858000028585372|28012015|140000|212|]
[|A0000000858000029149845|28012015|140000|212|]
[|A0000000858000025922975|28012015|140000|212|]
[|A0000000858000025765647|28012015|140000|212|]
[|A0000000858000026731989|28012015|140000|212|]
[|A0000000858000026975583|28012015|140000|212|]
[|A0000000858000027126288|28012015|140000|212|]
[|A0000000858000027791376|28012015|140000|212|]
[|A0000000858000031058300|28012015|140000|212|]
[|A0000000858000026975588|28012015|140000|213|]
[|A0000000858000026778026|28012015|140000|213|]
[|A0000000858000027369680|28012015|140000|213|]
[|A0000000858000029127500|28012015|140000|213|]
[|A0000000858000030226832|28012015|140000|213|]
[|A0000000858000029126568|28012015|140000|213|]
[|A0000000858000029126566|28012015|140000|213|]
[|A0000000858000025904357|28012015|140000|213|]
[|A0000000858000027760781|28012015|140000|213|]
[|A0000000858000029323771|28012015|140000|214|]
[|A0000000858000029116235|28012015|140000|214|]
[|A0000000858000024484911|28012015|140000|214|]
[|A0000000858000028969911|28012015|140000|214|]
[|A0000000858000026738063|28012015|140000|214|]
[|A0000000858000026831227|28012015|140000|214|]
[|A0000000858000027723003|28012015|140000|214|]
[|A0000000858000028716061|28012015|140000|214|]
[|A0000000858000030872141|28012015|140000|214|]
[|A0000000858000023516771|28012015|140000|214|]
[|A0000000858000026928766|28012015|140000|214|]
[|A0000000858000030296749|28012015|140000|214|]
[|A0000000858000026831262|28012015|140000|215|]
[|A0000000858000027278696|28012015|140000|215|]
[|A0000000858000027348330|28012015|140000|215|]
[|A0000000858000030872155|28012015|140000|215|]
[|A0000000858000030872158|28012015|140000|215|]
[|A0000000858000030888097|28012015|140000|215|]
[|A0000000858000029547581|28012015|140000|216|]
[|A0000000858000030916985|28012015|140000|216|]
[|A0000000858000025557788|28012015|140000|216|]
[|A0000000858000026211116|28012015|140000|216|]
[|A0000000858000026928759|28012015|140000|216|]
[|A0000000858000027348320|28012015|140000|216|]
[|A0000000858000028585364|28012015|140000|216|]
[|A0000000858000029547589|28012015|140000|216|]
[|A0000000858000029078977|28012015|140000|216|]
[|A0000000858000027844997|28012015|140000|216|]
[|A0000000858000030914250|28012015|140000|216|]
[|A0000000858000025557794|28012015|140000|217|]
[|A0000000858000026743422|28012015|140000|217|]
[|A0000000858000027779503|28012015|140000|217|]
[|A0000000858000027850637|28012015|140000|217|]
[|A0000000858000028025023|28012015|140000|217|]
[|A0000000858000030776575|28012015|140000|217|]
[|A0000000858000026831232|28012015|140000|217|]
[|A0000000858000030872166|28012015|140000|217|]
[|A0000000858000028021884|28012015|140000|217|]
[|A0000000858000027844991|28012015|140000|217|]
[|A0000000858000027818044|28012015|140000|217|]
[|A0000000858000026975236|28012015|140000|217|]
[|A0000000858000030872130|28012015|140000|217|]
[|A0000000858000027343533|28012015|140000|217|]
[|A0000000858000025514279|28012015|140000|217|]
[|A0000000858000025323556|28012015|140000|217|]
[|A0000000858000028886178|28012015|140000|218|]
[|A0000000858000028933185|28012015|140000|218|]
[|A0000000858000024793297|28012015|140000|218|]
[|A0000000858000026975592|28012015|140000|218|]
[|A0000000858000027347817|28012015|140000|218|]
[|A0000000858000027348322|28012015|140000|218|]
[|A0000000858000028453506|28012015|140000|218|]
[|A0000000858000028453509|28012015|140000|218|]
[|A0000000858000026731986|28012015|140000|218|]
[|A0000000858000030872132|28012015|140000|219|]
[|A0000000858000028309047|28012015|140000|219|]
[|A0000000858000028319230|28012015|140000|219|]
[|A0000000858000029323770|28012015|140000|219|]
[|A0000000858000028969804|28012015|140000|219|]
[|A0000000858000025557766|28012015|140000|219|]
[|A0000000858000027065351|28012015|140000|219|]
[|A0000000858000027241084|28012015|140000|219|]
[|A0000000858000030872127|28012015|140000|219|]
[|A0000000858000030914238|28012015|140000|219|]
[|A0000000858000030485299|28012015|140000|219|]
[|A0000000858000025899912|28012015|140000|220|]
[|A0000000858000027483075|28012015|140000|220|]
[|A0000000858000027836876|28012015|140000|220|]
[|A0000000858000030888088|28012015|140000|220|]
[|A0000000858000027183793|28012015|140000|220|]
[|A0000000858000027343534|28012015|140000|220|]
[|A0000000858000026831226|28012015|140000|221|]
[|A0000000858000027129171|28012015|140000|221|]
[|A0000000858000027844984|28012015|140000|221|]
[|A0000000858000030296748|28012015|140000|221|]
[|A0000000858000030775241|28012015|140000|221|]
[|A0000000858000028216707|28012015|140000|221|]
[|A0000000858000025451688|28012015|140000|221|]
[|A0000000858000028716064|28012015|140000|221|]
[|A0000000858000026970535|28012015|140000|222|]
[|A0000000858000021122031|28012015|140000|222|]
[|A0000000858000026834764|28012015|140000|222|]
[|A0000000858000027224600|28012015|140000|222|]
[|A0000000858000028319201|28012015|140000|222|]
[|A0000000858000028585382|28012015|140000|222|]
[|A0000000858000029094868|28012015|140000|222|]
[|A0000000858000030296722|28012015|140000|222|]
[|A0000000858000030776554|28012015|140000|222|]
[|A0000000858000030872151|28012015|140000|222|]
[|A0000000858000025765640|28012015|140000|222|]
[|A0000000858000027953008|28012015|140000|222|]
[|A0000000858000029273734|28012015|140000|222|]
[|A0000000858000027014808|28012015|140000|223|]
[|A0000000858000028319206|28012015|140000|223|]
[|A0000000858000028319247|28012015|140000|223|]
[|A0000000858000028453513|28012015|140000|223|]
[|A0000000858000029130046|28012015|140000|223|]
[|A0000000858000030775244|28012015|140000|223|]
[|A0000000858000025765702|28012015|140000|223|]
[|A0000000858000029255622|28012015|140000|223|]
[|A0000000858000028319274|28012015|140000|224|]
[|A0000000858000024624021|28012015|140000|224|]
[|A0000000858000026211138|28012015|140000|224|]
[|A0000000858000026975241|28012015|140000|224|]
[|A0000000858000027844195|28012015|140000|224|]
[|A0000000858000028309045|28012015|140000|224|]
[|A0000000858000028319241|28012015|140000|224|]
[|A0000000858000030872165|28012015|140000|224|]
[|A0000000858000024370204|28012015|140000|224|]
[|A0000000858000026834752|28012015|140000|224|]
[|A0000000858000027818031|28012015|140000|224|]
[|A0000000858000029308263|28012015|140000|224|]
[|A0000000858000026783310|28012015|140000|225|]
[|A0000000858000029130044|28012015|140000|225|]
[|A0000000858000024484910|28012015|140000|225|]
[|A0000000858000018977910|28012015|140000|225|]
[|A0000000858000025454978|28012015|140000|225|]
[|A0000000858000026783350|28012015|140000|225|]
[|A0000000858000027791363|28012015|140000|225|]
[|A0000000858000027844951|28012015|140000|225|]
[|A0000000858000028574517|28012015|140000|225|]
[|A0000000858000029080905|28012015|140000|225|]
[|A0000000858000030296774|28012015|140000|225|]
[|A0000000858000030872161|28012015|140000|225|]
[|A0000000858000026928771|28012015|140000|225|]
[|A0000000858000027238492|28012015|140000|225|]
[|A0000000858000030776552|28012015|140000|225|]
[|A0000000858000027343559|28012015|140000|225|]
[|A0000000858000024788496|28012015|140000|226|]
[|A0000000858000026642724|28012015|140000|226|]
[|A0000000858000026783342|28012015|140000|226|]
[|A0000000858000027224603|28012015|140000|226|]
[|A0000000858000027600979|28012015|140000|226|]
[|A0000000858000027779513|28012015|140000|226|]
[|A0000000858000028453490|28012015|140000|226|]
[|A0000000858000026913171|28012015|140000|226|]
[|A0000000858000027566107|28012015|140000|226|]
[|A0000000858000026783359|28012015|140000|226|]
[|A0000000858000025765724|28012015|140000|226|]
[|A0000000858000028560829|28012015|140000|226|]
[|A0000000858000025454969|28012015|140000|227|]
[|A0000000858000025765643|28012015|140000|227|]
[|A0000000858000026956391|28012015|140000|227|]
[|A0000000858000027779509|28012015|140000|227|]
[|A0000000858000028880702|28012015|140000|227|]
[|A0000000858000029547588|28012015|140000|227|]
[|A0000000858000030872147|28012015|140000|227|]
[|A0000000858000024256574|28012015|140000|227|]
[|A0000000858000027348333|28012015|140000|228|]
[|A0000000858000027483074|28012015|140000|228|]
[|A0000000858000023239809|28012015|140000|228|]
[|A0000000858000028319279|28012015|140000|228|]
[|A0000000858000029094856|28012015|140000|228|]
[|A0000000858000025765661|28012015|140000|228|]
[|A0000000858000028367811|28012015|140000|228|]
[|A0000000858000027844957|28012015|140000|228|]
[|A0000000858000027779516|28012015|140000|229|]
[|A0000000858000027779517|28012015|140000|229|]
[|A0000000858000027779519|28012015|140000|229|]
[|A0000000858000027834535|28012015|140000|229|]
[|A0000000858000028319237|28012015|140000|229|]
[|A0000000858000029094870|28012015|140000|229|]
[|A0000000858000027357082|28012015|140000|229|]
[|A0000000858000028886160|28012015|140000|229|]
[|A0000000858000030775294|28012015|140000|229|]
[|A0000000858000028021870|28012015|140000|229|]
[|A0000000858000029080986|28012015|140000|229|]
[|A0000000858000025949793|28012015|140000|230|]
[|A0000000858000026783322|28012015|140000|230|]
[|A0000000858000027183795|28012015|140000|230|]
[|A0000000858000027134306|28012015|140000|230|]
[|A0000000858000030888081|28012015|140000|230|]
[|A0000000858000028574519|28012015|140000|230|]
[|A0000000858000027134803|28012015|140000|230|]
[|A0000000858000028309089|28012015|140000|230|]
[|A0000000858000024669361|28012015|140000|230|]
[|A0000000858000028585375|28012015|140000|230|]
[|A0000000858000026211106|28012015|140000|231|]
[|A0000000858000027129167|28012015|140000|231|]
[|A0000000858000027818004|28012015|140000|231|]
[|A0000000858000027954328|28012015|140000|231|]
[|A0000000858000028309074|28012015|140000|231|]
[|A0000000858000029265171|28012015|140000|231|]
[|A0000000858000030226885|28012015|140000|231|]
[|A0000000858000027126289|28012015|140000|231|]
[|A0000000858000027400616|28012015|140000|231|]
[|A0000000858000026881721|28012015|140000|231|]
[|A0000000858000027108141|28012015|140000|232|]
[|A0000000858000027818019|28012015|140000|232|]
[|A0000000858000028453485|28012015|140000|232|]
[|A0000000858000028699992|28012015|140000|232|]
[|A0000000858000029265175|28012015|140000|232|]
[|A0000000858000027126266|28012015|140000|232|]
[|A0000000858000028319240|28012015|140000|232|]
[|A0000000858000029458017|28012015|140000|232|]
[|A0000000858000027811246|28012015|140000|232|]
[|A0000000858000029080895|28012015|140000|232|]
[|A0000000858000029288229|28012015|140000|232|]
[|A0000000858000027834556|28012015|140000|233|]
[|A0000000858000027811100|28012015|140000|233|]
[|A0000000858000028319227|28012015|140000|233|]
[|A0000000858000028319262|28012015|140000|233|]
[|A0000000858000030094756|28012015|140000|233|]
[|A0000000858000031048775|28012015|140000|233|]
[|A0000000858000027400601|28012015|140000|233|]
[|A0000000858000027811241|28012015|140000|233|]
[|A0000000858000026783345|28012015|140000|233|]
[|A0000000858000029127505|28012015|140000|233|]
[|A0000000858000028309073|28012015|140000|233|]
[|A0000000858000029255624|28012015|140000|233|]
[|A0000000858000028392210|28012015|140000|234|]
[|A0000000858000026975589|28012015|140000|234|]
[|A0000000858000024484912|28012015|140000|234|]
[|A0000000858000028969823|28012015|140000|234|]
[|A0000000858000026673667|28012015|140000|234|]
[|A0000000858000026981923|28012015|140000|234|]
[|A0000000858000027818045|28012015|140000|234|]
[|A0000000858000028319256|28012015|140000|234|]
[|A0000000858000031058307|28012015|140000|234|]
[|A0000000858000027014064|28012015|140000|234|]
[|A0000000858000018977881|28012015|140000|235|]
[|A0000000858000027907348|28012015|140000|235|]
[|A0000000858000028319248|28012015|140000|235|]
[|A0000000858000028319275|28012015|140000|235|]
[|A0000000858000029126564|28012015|140000|235|]
[|A0000000858000028716066|28012015|140000|235|]
[|A0000000858000027348332|28012015|140000|236|]
[|A0000000858000028319204|28012015|140000|236|]
[|A0000000858000028319233|28012015|140000|236|]
[|A0000000858000028716062|28012015|140000|236|]
[|A0000000858000030776563|28012015|140000|236|]
[|A0000000858000027713013|28012015|140000|236|]
[|A0000000858000026642732|28012015|140000|236|]
[|A0000000858000028319251|28012015|140000|236|]
[|A0000000858000027844187|28012015|140000|237|]
[|A0000000858000027811245|28012015|140000|237|]
[|A0000000858000028969906|28012015|140000|237|]
[|A0000000858000029349735|28012015|140000|237|]
[|A0000000858000024368518|28012015|140000|237|]
[|A0000000858000030888098|28012015|140000|237|]
[|A0000000858000024793299|28012015|140000|237|]
[|A0000000858000025817730|28012015|140000|237|]
[|A0000000858000025556336|28012015|140000|237|]
[|A0000000858000027562733|28012015|140000|237|]
[|A0000000858000027126261|28012015|140000|237|]
[|A0000000858000029255615|28012015|140000|237|]
[|A0000000858000031048420|28012015|140000|237|]
[|A0000000858000025323576|28012015|140000|237|]
[|A0000000858000026783338|28012015|140000|238|]
[|A0000000858000026907733|28012015|140000|238|]
[|A0000000858000027850629|28012015|140000|238|]
[|A0000000858000028309044|28012015|140000|238|]
[|A0000000858000030888083|28012015|140000|238|]
[|A0000000858000028309057|28012015|140000|238|]
[|A0000000858000028716063|28012015|140000|238|]
[|A0000000858000027811248|28012015|140000|238|]
[|A0000000858000028996439|28012015|140000|238|]
[|A0000000858000028155582|28012015|140000|238|]
[|A0000000858000028309075|28012015|140000|238|]
[|A0000000858000025017537|28012015|140000|238|]
[|A0000000858000029152311|28012015|140000|238|]
[|A0000000858000029080890|28012015|140000|239|]
[|A0000000858000025557770|28012015|140000|239|]
[|A0000000858000026783309|28012015|140000|239|]
[|A0000000858000029126567|28012015|140000|239|]
[|A0000000858000029127506|28012015|140000|239|]
[|A0000000858000028729203|28012015|140000|239|]
[|A0000000858000028388748|28012015|140000|239|]
[|A0000000858000026831261|28012015|140000|239|]
[|A0000000858000024256513|28012015|140000|239|]
[|A0000000858000027126284|28012015|140000|240|]
[|A0000000858000027259037|28012015|140000|240|]
[|A0000000858000027400608|28012015|140000|240|]
[|A0000000858000029080909|28012015|140000|240|]
[|A0000000858000026933959|28012015|140000|240|]
[|A0000000858000030888095|28012015|140000|240|]
[|A0000000858000028309065|28012015|140000|240|]
[|A0000000858000028309067|28012015|140000|240|]
[|A0000000858000026816691|28012015|140000|240|]
[|A0000000858000024793294|28012015|140000|241|]
[|A0000000858000025454966|28012015|140000|241|]
[|A0000000858000026528428|28012015|140000|241|]
[|A0000000858000026928787|28012015|140000|241|]
[|A0000000858000027882645|28012015|140000|241|]
[|A0000000858000028319246|28012015|140000|241|]
[|A0000000858000029080982|28012015|140000|241|]
[|A0000000858000030776581|28012015|140000|241|]
[|A0000000858000029127501|28012015|140000|241|]
[|A0000000858000029080953|28012015|140000|241|]
[|A0000000858000029080965|28012015|140000|241|]
[|A0000000858000025765737|28012015|140000|241|]
[|A0000000858000026728274|28012015|140000|242|]
[|A0000000858000027844998|28012015|140000|242|]
[|A0000000858000028155520|28012015|140000|242|]
[|A0000000858000028319222|28012015|140000|242|]
[|A0000000858000028453491|28012015|140000|242|]
[|A0000000858000028864363|28012015|140000|242|]
[|A0000000858000028309040|28012015|140000|242|]
[|A0000000858000028319235|28012015|140000|242|]
[|A0000000858000027819707|28012015|140000|242|]
[|A0000000858000024417380|28012015|140000|243|]
[|A0000000858000027241083|28012015|140000|243|]
[|A0000000858000027705792|28012015|140000|243|]
[|A0000000858000027844989|28012015|140000|243|]
[|A0000000858000028319255|28012015|140000|243|]
[|A0000000858000029418800|28012015|140000|243|]
[|A0000000858000027779518|28012015|140000|243|]
[|A0000000858000026928753|28012015|140000|243|]
[|A0000000858000027134305|28012015|140000|243|]
[|A0000000858000029080844|28012015|140000|243|]
[|A0000000858000030257692|28012015|140000|243|]
[|A0000000858000028309072|28012015|140000|243|]
[|A0000000858000029094866|28012015|140000|243|]
[|A0000000858000026211113|28012015|140000|244|]
[|A0000000858000026928762|28012015|140000|244|]
[|A0000000858000027016483|28012015|140000|244|]
[|A0000000858000027594551|28012015|140000|244|]
[|A0000000858000028309059|28012015|140000|244|]
[|A0000000858000028864344|28012015|140000|244|]
[|A0000000858000031058302|28012015|140000|244|]
[|A0000000858000026783311|28012015|140000|244|]
[|A0000000858000027844949|28012015|140000|244|]
[|A0000000858000029288228|28012015|140000|244|]
[|A0000000858000026642730|28012015|140000|245|]
[|A0000000858000028585370|28012015|140000|245|]
[|A0000000858000028319250|28012015|140000|245|]
[|A0000000858000028309084|28012015|140000|245|]
[|A0000000858000023813337|28012015|140000|245|]
[|A0000000858000025556320|28012015|140000|246|]
[|A0000000858000028367813|28012015|140000|246|]
[|A0000000858000028388713|28012015|140000|246|]
[|A0000000858000026981964|28012015|140000|246|]
[|A0000000858000024414406|28012015|140000|246|]
[|A0000000858000025949791|28012015|140000|246|]
[|A0000000858000024405114|28012015|140000|246|]
[|A0000000858000029080924|28012015|140000|246|]
[|A0000000858000025817723|28012015|140000|246|]
[|A0000000858000030888092|28012015|140000|247|]
[|A0000000858000028319252|28012015|140000|247|]
[|A0000000858000027126252|28012015|140000|247|]
[|A0000000858000026783331|28012015|140000|247|]
[|A0000000858000022261292|28012015|140000|248|]
[|A0000000858000029080959|28012015|140000|248|]
[|A0000000858000030780421|28012015|140000|248|]
[|A0000000858000028453496|28012015|140000|248|]
[|A0000000858000021122030|28012015|140000|248|]
[|A0000000858000022253610|28012015|140000|248|]
[|A0000000858000027452267|28012015|140000|248|]
[|A0000000858000027770394|28012015|140000|248|]
[|A0000000858000030795496|28012015|140000|248|]
[|A0000000858000027192063|28012015|140000|248|]
[|A0000000858000028038945|28012015|140000|249|]
[|A0000000858000028388708|28012015|140000|249|]
[|A0000000858000029080970|28012015|140000|249|]
[|A0000000858000028319243|28012015|140000|249|]
[|A0000000858000027594552|28012015|140000|249|]
[|A0000000858000027818024|28012015|140000|249|]
[|A0000000858000009427537|28012015|140000|249|]
[|A0000000858000027348321|28012015|140000|249|]
[|A0000000858000029080930|28012015|140000|249|]
[|A0000000858000026271438|28012015|140000|249|]
[|A0000000858000025765681|28012015|140000|249|]
[|A0000000858000024246395|28012015|140000|249|]
[|A0000000858000024793295|28012015|140000|250|]
[|A0000000858000027343522|28012015|140000|250|]
[|A0000000858000027844952|28012015|140000|250|]
[|A0000000858000027102544|28012015|140000|250|]
[|A0000000858000029126565|28012015|140000|250|]
[|A0000000858000024368516|28012015|140000|250|]
[|A0000000858000025765726|28012015|140000|250|]
[|A0000000858000027292659|28012015|140000|250|]
[|A0000000858000026306981|28012015|140000|251|]
[|A0000000858000028453511|28012015|140000|251|]
[|A0000000858000024788510|28012015|140000|252|]
[|A0000000858000025932115|28012015|140000|252|]
[|A0000000858000027129173|28012015|140000|252|]
[|A0000000858000028319249|28012015|140000|252|]
[|A0000000858000025451689|28012015|140000|252|]
[|A0000000858000028309071|28012015|140000|252|]
[|A0000000858000028309046|28012015|140000|252|]
[|A0000000858000027126271|28012015|140000|252|]
[|A0000000858000024793293|28012015|140000|253|]
[|A0000000858000027126278|28012015|140000|253|]
[|A0000000858000028319265|28012015|140000|253|]
[|A0000000858000027686145|28012015|140000|253|]
[|A0000000858000030888089|28012015|140000|253|]
[|A0000000858000029536021|28012015|140000|253|]
[|A0000000858000027126279|28012015|140000|253|]
[|A0000000858000024368517|28012015|140000|253|]
[|A0000000858000026642723|28012015|140000|253|]
[|A0000000858000027705793|28012015|140000|253|]
[|A0000000858000028319210|28012015|140000|253|]
[|A0000000858000028367805|28012015|140000|254|]
[|A0000000858000028309042|28012015|140000|254|]
[|A0000000858000022564079|28012015|140000|254|]
[|A0000000858000029080913|28012015|140000|254|]
[|A0000000858000026671858|28012015|140000|254|]
[|A0000000858000026673688|28012015|140000|254|]
[|A0000000858000028467905|28012015|140000|254|]
[|A0000000858000024256536|28012015|140000|254|]
[|A0000000858000024867773|28012015|140000|255|]
[|A0000000858000029080830|28012015|140000|255|]
[|A0000000858000028309086|28012015|140000|255|]
[|A0000000858000018636076|28012015|140000|255|]
[|A0000000858000025158482|28012015|140000|255|]
[|A0000000858000026671974|28012015|140000|255|]
[|A0000000858000028309041|28012015|140000|255|]
[|A0000000858000029256976|28012015|140000|255|]
[|A0000000858000021972824|28012015|140000|255|]
[|A0000000858000029080932|28012015|140000|256|]
[|A0000000858000029418801|28012015|140000|256|]
[|A0000000858000026642739|28012015|140000|256|]
[|A0000000858000023188716|28012015|140000|256|]
[|A0000000858000028453486|28012015|140000|256|]
[|A0000000858000025324263|28012015|140000|256|]
[|A0000000858000024256582|28012015|140000|256|]
[|A0000000858000027134308|28012015|140000|257|]
[|A0000000858000031058304|28012015|140000|257|]
[|A0000000858000029080997|28012015|140000|257|]
[|A0000000858000026834751|28012015|140000|257|]
[|A0000000858000028021873|28012015|140000|257|]
[|A0000000858000027126272|28012015|140000|257|]
[|A0000000858000027896217|28012015|140000|257|]
[|A0000000858000027357084|28012015|140000|257|]
[|A0000000858000026728277|28012015|140000|257|]
[|A0000000858000028309056|28012015|140000|258|]
[|A0000000858000029318249|28012015|140000|258|]
[|A0000000858000025556311|28012015|140000|258|]
[|A0000000858000026816760|28012015|140000|258|]
[|A0000000858000026671861|28012015|140000|258|]
[|A0000000858000028367807|28012015|140000|258|]
[|A0000000858000027126265|28012015|140000|258|]
[|A0000000858000027126251|28012015|140000|258|]
[|A0000000858000028467910|28012015|140000|258|]
[|A0000000858000028362372|28012015|140000|258|]
[|A0000000858000029080921|28012015|140000|258|]
[|A0000000858000024485814|28012015|140000|258|]
[|A0000000858000027452290|28012015|140000|259|]
[|A0000000858000026738061|28012015|140000|259|]
[|A0000000858000028319223|28012015|140000|259|]
[|A0000000858000026064174|28012015|140000|259|]
[|A0000000858000026907736|28012015|140000|259|]
[|A0000000858000024788509|28012015|140000|259|]
[|A0000000858000027451632|28012015|140000|259|]
[|A0000000858000026673724|28012015|140000|259|]
[|A0000000858000024867729|28012015|140000|259|]
[|A0000000858000027192060|28012015|140000|259|]
[|A0000000858000022761871|28012015|140000|259|]
[|A0000000858000026642731|28012015|140000|260|]
[|A0000000858000028216706|28012015|140000|260|]
[|A0000000858000023734740|28012015|140000|260|]
[|A0000000858000021110647|28012015|140000|260|]
[|A0000000858000029080854|28012015|140000|260|]
[|A0000000858000028309070|28012015|140000|260|]
[|A0000000858000028467904|28012015|140000|261|]
[|A0000000858000024405111|28012015|140000|261|]
[|A0000000858000027779511|28012015|140000|261|]
[|A0000000858000026959778|28012015|140000|261|]
[|A0000000858000028414942|28012015|140000|261|]
[|A0000000858000030485298|28012015|140000|261|]
[|A0000000858000027102523|28012015|140000|262|]
[|A0000000858000029080845|28012015|140000|262|]
[|A0000000858000027067748|28012015|140000|262|]
[|A0000000858000025078786|28012015|140000|262|]
[|A0000000858000024586062|28012015|140000|262|]
[|A0000000858000028319263|28012015|140000|263|]
[|A0000000858000025235843|28012015|140000|263|]
[|A0000000858000026671917|28012015|140000|263|]
[|A0000000858000026926350|28012015|140000|263|]
[|A0000000858000027594555|28012015|140000|264|]
[|A0000000858000026671972|28012015|140000|264|]
[|A0000000858000028367804|28012015|140000|265|]
[|A0000000858000031048720|28012015|140000|265|]
[|A0000000858000028021865|28012015|140000|266|]
[|A0000000858000028933403|28012015|140000|266|]
[|A0000000858000023665339|28012015|140000|266|]
[|A0000000858000025765759|28012015|140000|266|]
[|A0000000858000028021867|28012015|140000|267|]
[|A0000000858000024666534|28012015|140000|267|]
[|A0000000858000029536028|28012015|140000|267|]
[|A0000000858000026673662|28012015|140000|267|]
[|A0000000858000026783336|28012015|140000|268|]
[|A0000000858000028415397|28012015|140000|268|]
[|A0000000858000023813309|28012015|140000|268|]
[|A0000000858000027594550|28012015|140000|268|]
[|A0000000858000025765689|28012015|140000|268|]
[|A0000000858000027126263|28012015|140000|268|]
[|A0000000858000026928786|28012015|140000|269|]
[|A0000000858000023665361|28012015|140000|269|]
[|A0000000858000023810070|28012015|140000|269|]
[|A0000000858000026671852|28012015|140000|269|]
[|A0000000858000009427530|28012015|140000|270|]
[|A0000000858000019387940|28012015|140000|270|]
[|A0000000858000026996662|28012015|140000|270|]
[|A0000000858000023734763|28012015|140000|270|]
[|A0000000858000026728278|28012015|140000|270|]
[|A0000000858000028560830|28012015|140000|270|]
[|A0000000858000025330820|28012015|140000|270|]
[|A0000000858000026112078|28012015|140000|271|]
[|A0000000858000020832511|28012015|140000|271|]
[|A0000000858000027126277|28012015|140000|271|]
[|A0000000858000023734752|28012015|140000|271|]
[|A0000000858000022761395|28012015|140000|271|]
[|A0000000858000025765677|28012015|140000|271|]
[|A0000000858000025949785|28012015|140000|271|]
[|A0000000858000027126260|28012015|140000|272|]
[|A0000000858000025078739|28012015|140000|272|]
[|A0000000858000027686141|28012015|140000|273|]
[|A0000000858000028309080|28012015|140000|273|]
[|A0000000858000026260833|28012015|140000|273|]
[|A0000000858000028319239|28012015|140000|273|]
[|A0000000858000023665342|28012015|140000|273|]
[|A0000000858000025322838|28012015|140000|273|]
[|A0000000858000029126562|28012015|140000|274|]
[|A0000000858000026271439|28012015|140000|274|]
[|A0000000858000025323515|28012015|140000|274|]
[|A0000000858000023665375|28012015|140000|275|]
[|A0000000858000023008873|28012015|140000|275|]
[|A0000000858000026671935|28012015|140000|275|]
[|A0000000858000025330709|28012015|140000|275|]
[|A0000000858000028367802|28012015|140000|276|]
[|A0000000858000025330704|28012015|140000|276|]
[|A0000000858000023734756|28012015|140000|277|]
[|A0000000858000026642720|28012015|140000|277|]
[|A0000000858000029536022|28012015|140000|277|]
[|A0000000858000021738937|28012015|140000|277|]
[|A0000000858000023734759|28012015|140000|277|]
[|A0000000858000025323449|28012015|140000|277|]
[|A0000000858000027102531|28012015|140000|278|]
[|A0000000858000027126275|28012015|140000|278|]
[|A0000000858000023239810|28012015|140000|278|]
[|A0000000858000026403240|28012015|140000|278|]
[|A0000000858000023832929|28012015|140000|278|]
[|A0000000858000020832515|28012015|140000|278|]
[|A0000000858000022761863|28012015|140000|278|]
[|A0000000858000026045960|28012015|140000|279|]
[|A0000000858000030264482|28012015|140000|279|]
[|A0000000858000027241075|28012015|140000|279|]
[|A0000000858000023008894|28012015|140000|280|]
[|A0000000858000023813251|28012015|140000|281|]
[|A0000000858000025158502|28012015|140000|282|]
[|A0000000858000023734757|28012015|140000|282|]
[|A0000000858000023813244|28012015|140000|282|]
[|A0000000858000027594553|28012015|140000|283|]
[|A0000000858000023810093|28012015|140000|283|]
[|A0000000858000023665383|28012015|140000|283|]
[|A0000000858000025235853|28012015|140000|283|]
[|A0000000858000026528299|28012015|140000|283|]
[|A0000000858000027126285|28012015|140000|283|]
[|A0000000858000025322836|28012015|140000|283|]
[|A0000000858000023665356|28012015|140000|284|]
[|A0000000858000023813342|28012015|140000|284|]
[|A0000000858000024364144|28012015|140000|284|]
[|A0000000858000024669368|28012015|140000|284|]
[|A0000000858000027102543|28012015|140000|285|]
[|A0000000858000029080971|28012015|140000|285|]
[|A0000000858000029536026|28012015|140000|285|]
[|A0000000858000027261427|28012015|140000|286|]
[|A0000000858000027261443|28012015|140000|286|]
[|A0000000858000024705289|28012015|140000|286|]
[|A0000000858000027126267|28012015|140000|286|]
[|A0000000858000029536023|28012015|140000|286|]
[|A0000000858000025330724|28012015|140000|286|]
[|A0000000858000028016064|28012015|140000|287|]
[|A0000000858000025323581|28012015|140000|287|]
[|A0000000858000018636075|28012015|140000|288|]
[|A0000000858000026671907|28012015|140000|288|]
[|A0000000858000027126255|28012015|140000|288|]
[|A0000000858000026271436|28012015|140000|288|]
[|A0000000858000020832512|28012015|140000|288|]
[|A0000000858000025323626|28012015|140000|288|]
[|A0000000858000024485811|28012015|140000|288|]
[|A0000000858000023734738|28012015|140000|289|]
[|A0000000858000023665369|28012015|140000|289|]
[|A0000000858000026271435|28012015|140000|290|]
[|A0000000858000025235855|28012015|140000|290|]
[|A0000000858000023734760|28012015|140000|290|]
[|A0000000858000023239801|28012015|140000|291|]
[|A0000000858000023813334|28012015|140000|291|]
[|A0000000858000025583049|28012015|140000|291|]
[|A0000000858000026403245|28012015|140000|292|]
[|A0000000858000021307772|28012015|140000|292|]
[|A0000000858000026671946|28012015|140000|292|]
[|A0000000858000023813363|28012015|140000|292|]
[|A0000000858000023810179|28012015|140000|293|]
[|A0000000858000023813264|28012015|140000|294|]
[|A0000000858000025323574|28012015|140000|294|]
[|A0000000858000025320177|28012015|140000|294|]
[|A0000000858000023813382|28012015|140000|295|]
[|A0000000858000021307768|28012015|140000|295|]
[|A0000000858000023810076|28012015|140000|295|]
[|A0000000858000027844990|28012015|140000|296|]
[|A0000000858000025158464|28012015|140000|296|]
[|A0000000858000025323532|28012015|140000|296|]
[|A0000000858000022761860|28012015|140000|296|]
[|A0000000858000022564083|28012015|140000|297|]
[|A0000000858000023810074|28012015|140000|297|]
[|A0000000858000023810013|28012015|140000|297|]
[|A0000000858000023008865|28012015|140000|297|]
[|A0000000858000027132984|28012015|140000|297|]
[|A0000000858000026403247|28012015|140000|298|]
[|A0000000858000023810160|28012015|140000|298|]
[|A0000000858000025324254|28012015|140000|298|]
[|A0000000858000022564085|28012015|140000|299|]
[|A0000000858000027818041|28012015|140000|299|]
[|A0000000858000023810048|28012015|140000|299|]
[|A0000000858000023813380|28012015|140000|299|]
[|A0000000858000022564081|28012015|140000|299|]
[|A0000000858000026271431|28012015|140000|299|]