[|A0000000858000024370202|28012015|140000|300|]
[|A0000000858000023665384|28012015|140000|300|]
[|A0000000858000016337099|28012015|140000|300|]
[|A0000000858000023734728|28012015|140000|300|]
[|A0000000858000023008860|28012015|140000|301|]
[|A0000000858000023813341|28012015|140000|301|]
[|A0000000858000025765693|28012015|140000|301|]
[|A0000000858000020832514|28012015|140000|302|]
[|A0000000858000025158470|28012015|140000|302|]
[|A0000000858000027102529|28012015|140000|302|]
[|A0000000858000026403244|28012015|140000|302|]
[|A0000000858000026271422|28012015|140000|302|]
[|A0000000858000027293957|28012015|140000|302|]
[|A0000000858000023734758|28012015|140000|302|]
[|A0000000858000025320236|28012015|140000|302|]
[|A0000000858000022765395|28012015|140000|302|]
[|A0000000858000026271427|28012015|140000|303|]
[|A0000000858000014664475|28012015|140000|303|]
[|A0000000858000023734737|28012015|140000|303|]
[|A0000000858000023008870|28012015|140000|303|]
[|A0000000858000025322736|28012015|140000|303|]
[|A0000000858000024246411|28012015|140000|303|]
[|A0000000858000013922639|28012015|140000|304|]
[|A0000000858000023813281|28012015|140000|304|]
[|A0000000858000023734761|28012015|140000|304|]
[|A0000000858000028416220|28012015|140000|304|]
[|A0000000858000029536020|28012015|140000|304|]
[|A0000000858000021307794|28012015|140000|304|]
[|A0000000858000023665376|28012015|140000|304|]
[|A0000000858000025765679|28012015|140000|304|]
[|A0000000858000025158504|28012015|140000|305|]
[|A0000000858000021613370|28012015|140000|305|]
[|A0000000858000023008867|28012015|140000|305|]
[|A0000000858000021795739|28012015|140000|305|]
[|A0000000858000022761869|28012015|140000|305|]
[|A0000000858000023239819|28012015|140000|306|]
[|A0000000858000023008899|28012015|140000|307|]
[|A0000000858000025323481|28012015|140000|307|]
[|A0000000858000023008844|28012015|140000|308|]
[|A0000000858000021648082|28012015|140000|308|]
[|A0000000858000023813339|28012015|140000|308|]
[|A0000000858000014664461|28012015|140000|308|]
[|A0000000858000023734754|28012015|140000|308|]
[|A0000000858000025320219|28012015|140000|308|]
[|A0000000858000023008871|28012015|140000|309|]
[|A0000000858000025158485|28012015|140000|309|]
[|A0000000858000023734721|28012015|140000|309|]
[|A0000000858000024351328|28012015|140000|309|]
[|A0000000858000023810039|28012015|140000|309|]
[|A0000000858000030795499|28012015|140000|310|]
[|A0000000858000023665359|28012015|140000|310|]
[|A0000000858000025235890|28012015|140000|310|]
[|A0000000858000023810177|28012015|140000|310|]
[|A0000000858000021648090|28012015|140000|310|]
[|A0000000858000025323514|28012015|140000|310|]
[|A0000000858000021738953|28012015|140000|311|]
[|A0000000858000023734685|28012015|140000|311|]
[|A0000000858000023734741|28012015|140000|311|]
[|A0000000858000021036323|28012015|140000|311|]
[|A0000000858000025330666|28012015|140000|311|]
[|A0000000858000025158508|28012015|140000|312|]
[|A0000000858000023810127|28012015|140000|312|]
[|A0000000858000023665372|28012015|140000|312|]
[|A0000000858000023239812|28012015|140000|312|]
[|A0000000858000024385417|28012015|140000|312|]
[|A0000000858000029547583|28012015|140000|313|]
[|A0000000858000023008898|28012015|140000|313|]
[|A0000000858000029536024|28012015|140000|313|]
[|A0000000858000023813305|28012015|140000|313|]
[|A0000000858000024793289|28012015|140000|313|]
[|A0000000858000023810112|28012015|140000|313|]
[|A0000000858000029536027|28012015|140000|313|]
[|A0000000858000025158490|28012015|140000|314|]
[|A0000000858000023813314|28012015|140000|314|]
[|A0000000858000022564084|28012015|140000|314|]
[|A0000000858000025158486|28012015|140000|314|]
[|A0000000858000023665353|28012015|140000|314|]
[|A0000000858000025158532|28012015|140000|314|]
[|A0000000858000025330792|28012015|140000|314|]
[|A0000000858000022765397|28012015|140000|314|]
[|A0000000858000025322658|28012015|140000|314|]
[|A0000000858000023665355|28012015|140000|315|]
[|A0000000858000021738946|28012015|140000|316|]
[|A0000000858000024351329|28012015|140000|316|]
[|A0000000858000023734793|28012015|140000|317|]
[|A0000000858000026271428|28012015|140000|317|]
[|A0000000858000026271424|28012015|140000|317|]
[|A0000000858000029318248|28012015|140000|317|]
[|A0000000858000025158461|28012015|140000|317|]
[|A0000000858000023734742|28012015|140000|317|]
[|A0000000858000020832513|28012015|140000|317|]
[|A0000000858000023008866|28012015|140000|318|]
[|A0000000858000023665382|28012015|140000|318|]
[|A0000000858000023734735|28012015|140000|318|]
[|A0000000858000023813310|28012015|140000|318|]
[|A0000000858000022761868|28012015|140000|318|]
[|A0000000858000023008853|28012015|140000|319|]
[|A0000000858000025158625|28012015|140000|319|]
[|A0000000858000025235842|28012015|140000|319|]
[|A0000000858000023810008|28012015|140000|319|]
[|A0000000858000023810049|28012015|140000|319|]
[|A0000000858000022765392|28012015|140000|319|]
[|A0000000858000022761874|28012015|140000|319|]
[|A0000000858000024666533|28012015|140000|320|]
[|A0000000858000021293791|28012015|140000|320|]
[|A0000000858000023813365|28012015|140000|320|]
[|A0000000858000023813268|28012015|140000|320|]
[|A0000000858000026260830|28012015|140000|321|]
[|A0000000858000025235844|28012015|140000|321|]
[|A0000000858000023008895|28012015|140000|321|]
[|A0000000858000023810095|28012015|140000|321|]
[|A0000000858000025330669|28012015|140000|321|]
[|A0000000858000025330678|28012015|140000|321|]
[|A0000000858000023239811|28012015|140000|322|]
[|A0000000858000023734733|28012015|140000|322|]
[|A0000000858000021307795|28012015|140000|322|]
[|A0000000858000025330645|28012015|140000|322|]
[|A0000000858000026403246|28012015|140000|323|]
[|A0000000858000023734744|28012015|140000|323|]
[|A0000000858000025322819|28012015|140000|323|]
[|A0000000858000020832509|28012015|140000|325|]
[|A0000000858000023810164|28012015|140000|325|]
[|A0000000858000023239818|28012015|140000|325|]
[|A0000000858000023665364|28012015|140000|325|]
[|A0000000858000023665381|28012015|140000|325|]
[|A0000000858000026271420|28012015|140000|326|]
[|A0000000858000023008877|28012015|140000|326|]
[|A0000000858000023810187|28012015|140000|327|]
[|A0000000858000023665377|28012015|140000|327|]
[|A0000000858000023239817|28012015|140000|328|]
[|A0000000858000025158471|28012015|140000|328|]
[|A0000000858000023734762|28012015|140000|328|]
[|A0000000858000022205939|28012015|140000|328|]
[|A0000000858000023813284|28012015|140000|329|]
[|A0000000858000023810079|28012015|140000|329|]
[|A0000000858000023734404|28012015|140000|329|]
[|A0000000858000024639034|28012015|140000|329|]
[|A0000000858000027132938|28012015|140000|330|]
[|A0000000858000023810193|28012015|140000|330|]
[|A0000000858000023813335|28012015|140000|330|]
[|A0000000858000025322827|28012015|140000|330|]
[|A0000000858000025322778|28012015|140000|330|]
[|A0000000858000025158473|28012015|140000|331|]
[|A0000000858000023810191|28012015|140000|331|]
[|A0000000858000023813220|28012015|140000|331|]
[|A0000000858000024529213|28012015|140000|331|]
[|A0000000858000024385307|28012015|140000|331|]
[|A0000000858000024385415|28012015|140000|331|]
[|A0000000858000023810024|28012015|140000|332|]
[|A0000000858000023734720|28012015|140000|332|]
[|A0000000858000020832510|28012015|140000|332|]
[|A0000000858000028016060|28012015|140000|332|]
[|A0000000858000023810113|28012015|140000|332|]
[|A0000000858000021613365|28012015|140000|332|]
[|A0000000858000023734726|28012015|140000|332|]
[|A0000000858000025323456|28012015|140000|332|]
[|A0000000858000023067203|28012015|140000|332|]
[|A0000000858000023813349|28012015|140000|333|]
[|A0000000858000023813340|28012015|140000|333|]
[|A0000000858000025235889|28012015|140000|333|]
[|A0000000858000023998742|28012015|140000|333|]
[|A0000000858000023734739|28012015|140000|333|]
[|A0000000858000025949794|28012015|140000|333|]
[|A0000000858000025330675|28012015|140000|333|]
[|A0000000858000026403242|28012015|140000|334|]
[|A0000000858000023810051|28012015|140000|334|]
[|A0000000858000021440737|28012015|140000|334|]
[|A0000000858000023813292|28012015|140000|335|]
[|A0000000858000023810099|28012015|140000|335|]
[|A0000000858000009427534|28012015|140000|335|]
[|A0000000858000023810142|28012015|140000|335|]
[|A0000000858000023813247|28012015|140000|336|]
[|A0000000858000025158493|28012015|140000|336|]
[|A0000000858000022564086|28012015|140000|336|]
[|A0000000858000023813318|28012015|140000|336|]
[|A0000000858000023813397|28012015|140000|336|]
[|A0000000858000026271432|28012015|140000|336|]
[|A0000000858000025158489|28012015|140000|337|]
[|A0000000858000023810088|28012015|140000|337|]
[|A0000000858000022038487|28012015|140000|337|]
[|A0000000858000025320071|28012015|140000|337|]
[|A0000000858000023810110|28012015|140000|338|]
[|A0000000858000024639031|28012015|140000|338|]
[|A0000000858000023734734|28012015|140000|339|]
[|A0000000858000023665380|28012015|140000|340|]
[|A0000000858000023813262|28012015|140000|340|]
[|A0000000858000022765274|28012015|140000|340|]
[|A0000000858000024666526|28012015|140000|341|]
[|A0000000858000023813224|28012015|140000|341|]
[|A0000000858000023813230|28012015|140000|341|]
[|A0000000858000025320153|28012015|140000|341|]
[|A0000000858000025158627|28012015|140000|342|]
[|A0000000858000023810007|28012015|140000|342|]
[|A0000000858000025322673|28012015|140000|342|]
[|A0000000858000023813398|28012015|140000|343|]
[|A0000000858000023810022|28012015|140000|343|]
[|A0000000858000021161304|28012015|140000|343|]
[|A0000000858000022765256|28012015|140000|343|]
[|A0000000858000022765380|28012015|140000|343|]
[|A0000000858000025320119|28012015|140000|343|]
[|A0000000858000026671841|28012015|140000|344|]
[|A0000000858000024385301|28012015|140000|344|]
[|A0000000858000023810175|28012015|140000|344|]
[|A0000000858000025322696|28012015|140000|344|]
[|A0000000858000025323634|28012015|140000|344|]
[|A0000000858000025158507|28012015|140000|345|]
[|A0000000858000023813313|28012015|140000|346|]
[|A0000000858000022765258|28012015|140000|346|]
[|A0000000858000025330805|28012015|140000|346|]
[|A0000000858000023171168|28012015|140000|346|]
[|A0000000858000023665354|28012015|140000|347|]
[|A0000000858000023810139|28012015|140000|347|]
[|A0000000858000023067338|28012015|140000|347|]
[|A0000000858000023810085|28012015|140000|348|]
[|A0000000858000026530604|28012015|140000|348|]
[|A0000000858000023813343|28012015|140000|349|]
[|A0000000858000023813210|28012015|140000|350|]
[|A0000000858000023813385|28012015|140000|350|]
[|A0000000858000025322730|28012015|140000|350|]
[|A0000000858000025322755|28012015|140000|350|]
[|A0000000858000025158517|28012015|140000|351|]
[|A0000000858000023734722|28012015|140000|351|]
[|A0000000858000023810072|28012015|140000|351|]
[|A0000000858000023813299|28012015|140000|351|]
[|A0000000858000023810167|28012015|140000|351|]
[|A0000000858000025320179|28012015|140000|351|]
[|A0000000858000023784412|28012015|140000|351|]
[|A0000000858000024434474|28012015|140000|352|]
[|A0000000858000024385304|28012015|140000|352|]
[|A0000000858000023813324|28012015|140000|352|]
[|A0000000858000023810161|28012015|140000|352|]
[|A0000000858000023813362|28012015|140000|352|]
[|A0000000858000023665379|28012015|140000|352|]
[|A0000000858000023813395|28012015|140000|353|]
[|A0000000858000024249141|28012015|140000|353|]
[|A0000000858000024666531|28012015|140000|354|]
[|A0000000858000024666539|28012015|140000|354|]
[|A0000000858000023813366|28012015|140000|355|]
[|A0000000858000024407062|28012015|140000|355|]
[|A0000000858000024249142|28012015|140000|355|]
[|A0000000858000023813348|28012015|140000|356|]
[|A0000000858000026271423|28012015|140000|357|]
[|A0000000858000023734539|28012015|140000|357|]
[|A0000000858000021274495|28012015|140000|357|]
[|A0000000858000023810117|28012015|140000|357|]
[|A0000000858000021320310|28012015|140000|357|]
[|A0000000858000023810172|28012015|140000|358|]
[|A0000000858000023810006|28012015|140000|358|]
[|A0000000858000023810196|28012015|140000|358|]
[|A0000000858000026271426|28012015|140000|359|]
[|A0000000858000023734751|28012015|140000|359|]
[|A0000000858000023813297|28012015|140000|359|]
[|A0000000858000023734723|28012015|140000|359|]
[|A0000000858000023665366|28012015|140000|360|]
[|A0000000858000024867730|28012015|140000|360|]
[|A0000000858000023813375|28012015|140000|361|]
[|A0000000858000023810058|28012015|140000|361|]
[|A0000000858000025158620|28012015|140000|361|]
[|A0000000858000023810133|28012015|140000|361|]
[|A0000000858000021293797|28012015|140000|362|]
[|A0000000858000025158469|28012015|140000|362|]
[|A0000000858000023813345|28012015|140000|362|]
[|A0000000858000024666525|28012015|140000|362|]
[|A0000000858000023810120|28012015|140000|362|]
[|A0000000858000025158483|28012015|140000|362|]
[|A0000000858000024385412|28012015|140000|362|]
[|A0000000858000023419449|28012015|140000|363|]
[|A0000000858000023810011|28012015|140000|363|]
[|A0000000858000023810053|28012015|140000|363|]
[|A0000000858000023810009|28012015|140000|363|]
[|A0000000858000023813364|28012015|140000|363|]
[|A0000000858000021036322|28012015|140000|363|]
[|A0000000858000026530614|28012015|140000|363|]
[|A0000000858000024707459|28012015|140000|364|]
[|A0000000858000023810129|28012015|140000|364|]
[|A0000000858000023810150|28012015|140000|364|]
[|A0000000858000021307761|28012015|140000|364|]
[|A0000000858000026779160|28012015|140000|364|]
[|A0000000858000023067390|28012015|140000|364|]
[|A0000000858000023813269|28012015|140000|365|]
[|A0000000858000023810159|28012015|140000|365|]
[|A0000000858000023813346|28012015|140000|365|]
[|A0000000858000021274404|28012015|140000|366|]
[|A0000000858000023810102|28012015|140000|366|]
[|A0000000858000023810054|28012015|140000|366|]
[|A0000000858000024385414|28012015|140000|366|]
[|A0000000858000025322717|28012015|140000|366|]
[|A0000000858000023008897|28012015|140000|367|]
[|A0000000858000023813317|28012015|140000|367|]
[|A0000000858000025158488|28012015|140000|367|]
[|A0000000858000026878683|28012015|140000|367|]
[|A0000000858000023810162|28012015|140000|367|]
[|A0000000858000023813211|28012015|140000|367|]
[|A0000000858000025322766|28012015|140000|367|]
[|A0000000858000025323493|28012015|140000|367|]
[|A0000000858000023665374|28012015|140000|368|]
[|A0000000858000025158492|28012015|140000|368|]
[|A0000000858000023810144|28012015|140000|369|]
[|A0000000858000023813218|28012015|140000|369|]
[|A0000000858000023810115|28012015|140000|369|]
[|A0000000858000021293799|28012015|140000|369|]
[|A0000000858000021738977|28012015|140000|369|]
[|A0000000858000023810199|28012015|140000|369|]
[|A0000000858000026528296|28012015|140000|370|]
[|A0000000858000023810156|28012015|140000|370|]
[|A0000000858000024332929|28012015|140000|370|]
[|A0000000858000023629022|28012015|140000|370|]
[|A0000000858000023629106|28012015|140000|370|]
[|A0000000858000023734661|28012015|140000|371|]
[|A0000000858000023734731|28012015|140000|371|]
[|A0000000858000025322725|28012015|140000|371|]
[|A0000000858000022765296|28012015|140000|371|]
[|A0000000858000024249150|28012015|140000|371|]
[|A0000000858000023813381|28012015|140000|372|]
[|A0000000858000023665396|28012015|140000|372|]
[|A0000000858000023810026|28012015|140000|372|]
[|A0000000858000027194871|28012015|140000|372|]
[|A0000000858000025235862|28012015|140000|372|]
[|A0000000858000022167966|28012015|140000|372|]
[|A0000000858000022765269|28012015|140000|372|]
[|A0000000858000026530612|28012015|140000|372|]
[|A0000000858000021096856|28012015|140000|373|]
[|A0000000858000025235898|28012015|140000|373|]
[|A0000000858000026528295|28012015|140000|373|]
[|A0000000858000023813312|28012015|140000|373|]
[|A0000000858000023810037|28012015|140000|373|]
[|A0000000858000025320084|28012015|140000|373|]
[|A0000000858000023067931|28012015|140000|373|]
[|A0000000858000023307270|28012015|140000|373|]
[|A0000000858000023813204|28012015|140000|374|]
[|A0000000858000021374111|28012015|140000|374|]
[|A0000000858000023734765|28012015|140000|374|]
[|A0000000858000024249169|28012015|140000|374|]
[|A0000000858000024512100|28012015|140000|374|]
[|A0000000858000025158525|28012015|140000|375|]
[|A0000000858000023813206|28012015|140000|375|]
[|A0000000858000026528439|28012015|140000|375|]
[|A0000000858000023784441|28012015|140000|375|]
[|A0000000858000025322774|28012015|140000|375|]
[|A0000000858000024249176|28012015|140000|375|]
[|A0000000858000022038475|28012015|140000|376|]
[|A0000000858000022038490|28012015|140000|376|]
[|A0000000858000024246403|28012015|140000|376|]
[|A0000000858000023813217|28012015|140000|377|]
[|A0000000858000007486716|28012015|140000|377|]
[|A0000000858000023810149|28012015|140000|377|]
[|A0000000858000025235863|28012015|140000|378|]
[|A0000000858000023810168|28012015|140000|378|]
[|A0000000858000021307782|28012015|140000|378|]
[|A0000000858000025235846|28012015|140000|379|]
[|A0000000858000021738939|28012015|140000|379|]
[|A0000000858000023734747|28012015|140000|379|]
[|A0000000858000023734753|28012015|140000|379|]
[|A0000000858000023307220|28012015|140000|379|]
[|A0000000858000024485817|28012015|140000|379|]
[|A0000000858000023810131|28012015|140000|380|]
[|A0000000858000024666522|28012015|140000|380|]
[|A0000000858000013641398|28012015|140000|380|]
[|A0000000858000022922304|28012015|140000|380|]
[|A0000000858000023810198|28012015|140000|381|]
[|A0000000858000023813240|28012015|140000|381|]
[|A0000000858000023810016|28012015|140000|381|]
[|A0000000858000023734764|28012015|140000|381|]
[|A0000000858000025330838|28012015|140000|381|]
[|A0000000858000025320209|28012015|140000|381|]
[|A0000000858000023810101|28012015|140000|382|]
[|A0000000858000023810086|28012015|140000|382|]
[|A0000000858000016272586|28012015|140000|382|]
[|A0000000858000023813353|28012015|140000|383|]
[|A0000000858000023813331|28012015|140000|383|]
[|A0000000858000024029349|28012015|140000|383|]
[|A0000000858000022921845|28012015|140000|383|]
[|A0000000858000021274446|28012015|140000|384|]
[|A0000000858000007486712|28012015|140000|384|]
[|A0000000858000026050691|28012015|140000|384|]
[|A0000000858000022871916|28012015|140000|384|]
[|A0000000858000023784503|28012015|140000|384|]
[|A0000000858000023307265|28012015|140000|384|]
[|A0000000858000023810098|28012015|140000|385|]
[|A0000000858000020899653|28012015|140000|385|]
[|A0000000858000023813316|28012015|140000|385|]
[|A0000000858000023810128|28012015|140000|385|]
[|A0000000858000022167973|28012015|140000|385|]
[|A0000000858000021440735|28012015|140000|385|]
[|A0000000858000023810154|28012015|140000|386|]
[|A0000000858000023813242|28012015|140000|386|]
[|A0000000858000023810090|28012015|140000|386|]
[|A0000000858000022038425|28012015|140000|387|]
[|A0000000858000022264734|28012015|140000|387|]
[|A0000000858000019213558|28012015|140000|387|]
[|A0000000858000023813237|28012015|140000|388|]
[|A0000000858000023813265|28012015|140000|388|]
[|A0000000858000024793270|28012015|140000|388|]
[|A0000000858000023665358|28012015|140000|388|]
[|A0000000858000021036324|28012015|140000|388|]
[|A0000000858000021274479|28012015|140000|388|]
[|A0000000858000025323632|28012015|140000|388|]
[|A0000000858000023810119|28012015|140000|389|]
[|A0000000858000023067953|28012015|140000|389|]
[|A0000000858000029280226|28012015|140000|390|]
[|A0000000858000025235892|28012015|140000|390|]
[|A0000000858000023307279|28012015|140000|390|]
[|A0000000858000020053616|28012015|140000|390|]
[|A0000000858000014951713|28012015|140000|391|]
[|A0000000858000023810194|28012015|140000|391|]
[|A0000000858000023813261|28012015|140000|391|]
[|A0000000858000024249166|28012015|140000|391|]
[|A0000000858000021795696|28012015|140000|392|]
[|A0000000858000023813356|28012015|140000|392|]
[|A0000000858000024249149|28012015|140000|392|]
[|A0000000858000023813322|28012015|140000|393|]
[|A0000000858000027249612|28012015|140000|393|]
[|A0000000858000022765264|28012015|140000|393|]
[|A0000000858000023813387|28012015|140000|394|]
[|A0000000858000022038466|28012015|140000|394|]
[|A0000000858000023810109|28012015|140000|394|]
[|A0000000858000016272597|28012015|140000|394|]
[|A0000000858000022038484|28012015|140000|394|]
[|A0000000858000023810143|28012015|140000|395|]
[|A0000000858000023810055|28012015|140000|395|]
[|A0000000858000025235854|28012015|140000|395|]
[|A0000000858000025320068|28012015|140000|395|]
[|A0000000858000023810065|28012015|140000|396|]
[|A0000000858000025322642|28012015|140000|396|]
[|A0000000858000025330657|28012015|140000|396|]
[|A0000000858000020302788|28012015|140000|397|]
[|A0000000858000021136956|28012015|140000|397|]
[|A0000000858000023734725|28012015|140000|397|]
[|A0000000858000026530628|28012015|140000|397|]
[|A0000000858000021320286|28012015|140000|397|]
[|A0000000858000021274480|28012015|140000|398|]
[|A0000000858000023665370|28012015|140000|398|]
[|A0000000858000009831731|28012015|140000|398|]
[|A0000000858000027194873|28012015|140000|398|]
[|A0000000858000023813263|28012015|140000|399|]
[|A0000000858000022240252|28012015|140000|399|]
[|A0000000858000021274437|28012015|140000|399|]
[|A0000000858000022765255|28012015|140000|399|]
[|A0000000858000023307274|28012015|140000|399|]