[|A0000000858000031048738|28012015|140000|126|]
[|A0000000858000031048726|28012015|140000|139|]
[|A0000000858000028538759|28012015|140000|143|]
[|A0000000858000028946169|28012015|140000|159|]
[|A0000000858000028538692|28012015|140000|176|]
[|A0000000858000028538619|28012015|140000|179|]
[|A0000000858000027229751|28012015|140000|179|]
[|A0000000858000028538740|28012015|140000|180|]
[|A0000000858000027927929|28012015|140000|182|]
[|A0000000858000028538742|28012015|140000|184|]
[|A0000000858000027650960|28012015|140000|184|]
[|A0000000858000028538664|28012015|140000|188|]
[|A0000000858000027207951|28012015|140000|189|]
[|A0000000858000025877206|28012015|140000|190|]
[|A0000000858000028538684|28012015|140000|194|]
[|A0000000858000028538650|28012015|140000|196|]
[|A0000000858000027229740|28012015|140000|197|]
[|A0000000858000028538388|28012015|140000|197|]
[|A0000000858000027650948|28012015|140000|200|]
[|A0000000858000029069392|28012015|140000|203|]
[|A0000000858000028538638|28012015|140000|203|]
[|A0000000858000028538706|28012015|140000|204|]
[|A0000000858000027229744|28012015|140000|208|]
[|A0000000858000028538699|28012015|140000|208|]
[|A0000000858000025866123|28012015|140000|208|]
[|A0000000858000031048727|28012015|140000|212|]
[|A0000000858000028538613|28012015|140000|213|]
[|A0000000858000027605100|28012015|140000|213|]
[|A0000000858000023784523|28012015|140000|213|]
[|A0000000858000028538639|28012015|140000|214|]
[|A0000000858000028538738|28012015|140000|215|]
[|A0000000858000028538732|28012015|140000|215|]
[|A0000000858000026854817|28012015|140000|216|]
[|A0000000858000028538625|28012015|140000|219|]
[|A0000000858000028538751|28012015|140000|220|]
[|A0000000858000029069381|28012015|140000|222|]
[|A0000000858000028538659|28012015|140000|222|]
[|A0000000858000028946176|28012015|140000|225|]
[|A0000000858000028538654|28012015|140000|225|]
[|A0000000858000025866125|28012015|140000|227|]
[|A0000000858000026854816|28012015|140000|229|]
[|A0000000858000028538671|28012015|140000|230|]
[|A0000000858000026854836|28012015|140000|231|]
[|A0000000858000027229746|28012015|140000|232|]
[|A0000000858000025877200|28012015|140000|233|]
[|A0000000858000026854824|28012015|140000|237|]
[|A0000000858000027229752|28012015|140000|241|]
[|A0000000858000028946189|28012015|140000|241|]
[|A0000000858000024246389|28012015|140000|241|]
[|A0000000858000025866080|28012015|140000|243|]
[|A0000000858000024030403|28012015|140000|245|]
[|A0000000858000026953173|28012015|140000|246|]
[|A0000000858000026854833|28012015|140000|247|]
[|A0000000858000025866053|28012015|140000|248|]
[|A0000000858000024256550|28012015|140000|249|]
[|A0000000858000025866102|28012015|140000|250|]
[|A0000000858000024256503|28012015|140000|252|]
[|A0000000858000026854828|28012015|140000|252|]
[|A0000000858000025866094|28012015|140000|257|]
[|A0000000858000018609606|28012015|140000|257|]
[|A0000000858000028538733|28012015|140000|259|]
[|A0000000858000024256543|28012015|140000|259|]
[|A0000000858000026854810|28012015|140000|262|]
[|A0000000858000025126819|28012015|140000|264|]
[|A0000000858000023784539|28012015|140000|271|]
[|A0000000858000026846948|28012015|140000|272|]
[|A0000000858000023784536|28012015|140000|272|]
[|A0000000858000026846936|28012015|140000|273|]
[|A0000000858000025129371|28012015|140000|274|]
[|A0000000858000026854812|28012015|140000|274|]
[|A0000000858000024898381|28012015|140000|277|]
[|A0000000858000027229761|28012015|140000|278|]
[|A0000000858000023784529|28012015|140000|278|]
[|A0000000858000025124429|28012015|140000|279|]
[|A0000000858000025126855|28012015|140000|280|]
[|A0000000858000027229719|28012015|140000|281|]
[|A0000000858000030570228|28012015|140000|283|]
[|A0000000858000026854837|28012015|140000|284|]
[|A0000000858000024246391|28012015|140000|287|]
[|A0000000858000025129316|28012015|140000|287|]
[|A0000000858000023749475|28012015|140000|288|]
[|A0000000858000031048747|28012015|140000|288|]
[|A0000000858000023784527|28012015|140000|291|]
[|A0000000858000024256563|28012015|140000|299|]
[|A0000000858000022208498|28012015|140000|300|]
[|A0000000858000024407068|28012015|140000|301|]
[|A0000000858000025126938|28012015|140000|305|]
[|A0000000858000025866083|28012015|140000|305|]
[|A0000000858000022208496|28012015|140000|306|]
[|A0000000858000024357528|28012015|140000|307|]
[|A0000000858000025338211|28012015|140000|312|]
[|A0000000858000023784475|28012015|140000|333|]
[|A0000000858000023784477|28012015|140000|348|]
[|A0000000858000024586067|28012015|140000|350|]
[|A0000000858000008558403|28012015|140000|351|]
[|A0000000858000023784462|28012015|140000|354|]
[|A0000000858000023749473|28012015|140000|364|]
[|A0000000858000023784407|28012015|140000|377|]
[|A0000000858000019737649|28012015|140000|390|]
[|A0000000858000024407067|28012015|140000|409|]
[|A0000000858000027197722|28012015|140000|417|]
[|A0000000858000008695698|28012015|140000|430|]
[|A0000000858000021086217|28012015|140000|496|]
[|A0000000858000015657033|28012015|140000|542|]